1000
1 0 184
2 55 178
3 231 194
4 255 187
5 415 50
6 503 163
7 612 91
8 691 164
9 963 141
10 1101 173
11 1203 12
12 1233 168
13 1412 183
14 1468 63
15 1480 68
16 1507 130
17 1707 23
18 1745 70
19 1826 194
20 2222 12
21 2384 30
22 2545 22
23 2789 185
24 2836 199
25 3112 116
26 3440 14
27 3449 92
28 3568 157
29 3615 63
30 3617 197
31 3624 106
32 4012 85
33 4221 137
34 4306 47
35 4463 114
36 4584 125
37 4588 183
38 4883 15
39 5023 35
40 5170 44
41 5218 88
42 5237 77
43 5470 189
44 5514 4
45 5760 155
46 5887 133
47 5984 77
48 6199 140
49 6482 27
50 6667 95
51 6933 196
52 6959 35
53 7237 68
54 7471 98
55 7533 118
56 7569 53
57 7609 102
58 7637 87
59 7672 66
60 7731 45
61 7992 41
62 8006 32
63 8163 98
64 8463 82
65 8516 110
66 8566 168
67 8595 98
68 8625 187
69 8769 107
70 8942 20
71 9092 129
72 9421 133
73 9502 104
74 9532 71
75 9677 109
76 10053 141
77 10209 197
78 10224 19
79 10232 47
80 10257 122
81 10445 180
82 10599 165
83 10617 42
84 10642 194
85 10656 35
86 10662 125
87 10670 188
88 10952 144
89 10973 28
90 11027 60
91 11215 33
92 11303 38
93 11369 76
94 11380 75
95 11535 59
96 12069 30
97 12300 36
98 12409 19
99 12560 144
100 12845 129
101 13040 177
102 13189 44
103 13641 14
104 13716 7
105 13910 105
106 13918 129
107 13949 170
108 13977 118
109 14018 125
110 14046 71
111 14156 91
112 14271 173
113 14662 45
114 14748 106
115 14761 155
116 14859 70
117 14924 143
118 15130 198
119 15130 156
120 15230 149
121 15259 23
122 15331 100
123 15371 147
124 15393 141
125 15397 112
126 15527 6
127 15638 62
128 15660 79
129 15768 121
130 15811 45
131 15835 123
132 15961 109
133 15993 83
134 16003 125
135 16233 63
136 16243 1
137 16292 53
138 16390 180
139 16427 69
140 16464 174
141 16487 82
142 16487 134
143 16531 61
144 16594 200
145 16870 100
146 17002 160
147 17129 14
148 17292 191
149 17564 127
150 17589 85
151 17676 91
152 17934 177
153 18161 137
154 18255 46
155 18290 180
156 18364 88
157 18571 149
158 18608 60
159 18734 137
160 18750 143
161 18824 7
162 18965 114
163 18992 122
164 19006 20
165 19055 122
166 19350 140
167 19457 141
168 19644 106
169 19688 128
170 19806 185
171 19838 121
172 19846 23
173 19960 197
174 19997 31
175 20007 93
176 20306 73
177 20339 26
178 20496 23
179 20514 41
180 20622 99
181 20647 99
182 20708 125
183 20763 10
184 20806 20
185 20917 133
186 20962 195
187 20978 180
188 20978 74
189 21141 51
190 21154 61
191 21294 180
192 21359 194
193 21494 22
194 21564 105
195 21574 162
196 21627 127
197 21744 145
198 21759 3
199 21765 185
200 21931 43
201 21995 129
202 22092 73
203 22175 159
204 22224 37
205 22465 154
206 22485 104
207 22567 134
208 22666 91
209 22860 168
210 22871 169
211 22891 101
212 22919 189
213 22956 50
214 23187 104
215 23372 164
216 23376 54
217 23541 87
218 23739 153
219 23766 176
220 23870 158
221 23993 37
222 24132 15
223 24188 61
224 24250 29
225 24303 51
226 24321 157
227 24322 195
228 24374 100
229 24521 40
230 24636 29
231 24913 101
232 25095 48
233 25136 160
234 25136 136
235 25340 140
236 25453 16
237 25509 105
238 25648 50
239 25772 86
240 25775 144
241 25902 178
242 26008 39
243 26100 150
244 26100 168
245 26133 93
246 26347 144
247 26392 30
248 26624 83
249 26665 142
250 26687 27
251 26764 62
252 26887 161
253 26910 24
254 27044 82
255 27131 191
256 27427 197
257 27714 78
258 28012 91
259 28100 125
260 28276 15
261 28375 6
262 28964 113
263 29007 101
264 29104 127
265 29260 117
266 29434 179
267 29536 147
268 29556 48
269 29776 52
270 29896 32
271 30000 58
272 30114 113
273 30131 15
274 30134 113
275 30214 13
276 30293 11
277 30367 190
278 30372 156
279 30425 21
280 30491 188
281 30549 139
282 30606 171
283 30745 57
284 30929 7
285 30994 50
286 31580 6
287 31588 18
288 31688 146
289 31715 74
290 31997 74
291 32065 90
292 32274 8
293 32601 158
294 32761 72
295 32845 101
296 32916 19
297 32985 26
298 33361 75
299 33428 158
300 33587 94
301 33619 71
302 33983 18
303 34039 170
304 34127 23
305 34150 174
306 34199 32
307 34472 83
308 34574 93
309 34586 58
310 34610 122
311 34708 175
312 34807 148
313 34897 32
314 34927 138
315 34973 55
316 35256 99
317 35417 82
318 35714 117
319 35779 32
320 35953 197
321 36323 139
322 36361 19
323 36411 171
324 36562 13
325 36597 178
326 36611 137
327 36718 177
328 37002 8
329 37038 58
330 37062 100
331 37083 128
332 37111 37
333 37112 19
334 37126 164
335 37241 45
336 37252 6
337 37260 92
338 37335 156
339 37373 190
340 37640 194
341 37663 6
342 37725 23
343 37878 118
344 38559 94
345 38640 127
346 38759 87
347 38802 144
348 38916 15
349 38921 180
350 39099 163
351 39225 89
352 39266 111
353 39304 95
354 39327 147
355 39333 138
356 39351 154
357 39367 174
358 39373 126
359 39693 111
360 39978 18
361 40010 164
362 40030 91
363 40101 131
364 40387 172
365 40483 34
366 40511 190
367 40621 5
368 40622 6
369 40668 69
370 40749 86
371 40789 196
372 40902 150
373 40936 168
374 40980 164
375 41136 197
376 41262 66
377 41467 37
378 41568 171
379 41689 12
380 41896 133
381 41928 180
382 42007 71
383 42110 173
384 42299 35
385 42445 84
386 42494 199
387 42496 64
388 42569 151
389 42704 174
390 42781 60
391 42789 48
392 42861 83
393 42865 33
394 42895 155
395 42998 99
396 43356 41
397 43375 160
398 43530 63
399 43530 42
400 43676 124
401 43957 73
402 44127 155
403 44138 22
404 44168 166
405 44178 172
406 44213 70
407 44518 102
408 44529 54
409 44734 108
410 44863 129
411 44925 198
412 44968 85
413 44983 135
414 45035 192
415 45153 99
416 45386 53
417 45412 190
418 45494 107
419 45809 17
420 45823 110
421 45902 1
422 45928 110
423 45947 82
424 46009 139
425 46124 27
426 46192 148
427 46358 188
428 46484 133
429 46706 82
430 46711 51
431 46732 191
432 46744 151
433 46843 14
434 46975 95
435 47032 82
436 47126 121
437 47153 183
438 47204 88
439 47215 97
440 47268 5
441 47567 93
442 47762 98
443 47872 135
444 47979 107
445 48074 58
446 48077 196
447 48177 163
448 48194 84
449 48359 155
450 48505 110
451 48625 133
452 48637 22
453 48648 164
454 48682 83
455 48719 86
456 49042 86
457 49119 191
458 49421 115
459 49459 117
460 49572 93
461 49601 129
462 49710 126
463 49894 137
464 49897 19
465 50002 138
466 50165 183
467 50173 111
468 50193 89
469 50242 16
470 50294 38
471 50305 9
472 50528 184
473 50540 58
474 50692 28
475 50742 70
476 50776 52
477 50783 111
478 50845 40
479 50968 89
480 51038 194
481 51065 91
482 51159 200
483 51173 132
484 51244 178
485 51267 58
486 51282 153
487 51304 42
488 51558 169
489 51739 185
490 51866 177
491 51871 67
492 52035 155
493 52252 109
494 52818 79
495 52939 156
496 53132 175
497 53268 1
498 53291 198
499 53309 13
500 53352 183
501 53435 94
502 53547 40
503 53614 22
504 53614 186
505 53637 155
506 53701 163
507 53817 142
508 53864 53
509 53925 63
510 53930 200
511 54112 155
512 54586 16
513 54622 52
514 54670 191
515 54881 92
516 55050 38
517 55066 60
518 55078 72
519 55455 188
520 55678 191
521 55856 171
522 55911 66
523 55994 70
524 56379 162
525 56389 152
526 56394 101
527 56646 39
528 56705 165
529 56732 33
530 56839 105
531 56907 80
532 56974 13
533 57172 170
534 57196 171
535 57318 45
536 57679 50
537 57732 66
538 58025 127
539 58036 184
540 58265 170
541 58544 153
542 58554 194
543 58933 90
544 58933 32
545 58970 65
546 59003 149
547 59007 78
548 59054 34
549 59090 150
550 59213 156
551 59320 69
552 59382 161
553 59990 24
554 60275 172
555 60308 78
556 60345 46
557 60488 162
558 60488 124
559 60730 101
560 60969 76
561 61081 43
562 61366 60
563 61590 90
564 61677 70
565 61871 152
566 61884 184
567 62100 134
568 62168 105
569 62432 182
570 62775 67
571 62797 168
572 62846 193
573 62954 103
574 63059 132
575 63111 175
576 63241 119
577 63356 184
578 63486 88
579 63734 174
580 63857 63
581 63925 134
582 63946 97
583 63990 142
584 64012 127
585 64014 181
586 64073 86
587 64126 106
588 64141 30
589 64158 99
590 64241 163
591 64272 120
592 64357 42
593 64561 11
594 64620 127
595 64691 190
596 64759 109
597 64992 139
598 65026 94
599 65061 111
600 65128 106
601 65225 14
602 65304 39
603 65420 22
604 65881 30
605 65935 181
606 65977 96
607 66125 25
608 66208 155
609 66219 170
610 66262 170
611 66266 174
612 66346 34
613 66407 188
614 66423 95
615 66452 100
616 66452 140
617 66522 143
618 66694 87
619 66714 150
620 66999 187
621 67036 12
622 67059 134
623 67072 123
624 67177 174
625 67301 120
626 67471 155
627 67613 125
628 67727 60
629 67737 19
630 67952 113
631 68004 106
632 68020 134
633 68074 135
634 68512 116
635 68647 88
636 68660 70
637 68678 88
638 68681 38
639 68684 90
640 68755 6
641 68852 105
642 68914 158
643 69007 4
644 69076 93
645 69296 123
646 69765 44
647 69788 162
648 69799 179
649 69805 101
650 69821 83
651 70322 100
652 70483 190
653 70574 154
654 70632 149
655 70697 37
656 70738 108
657 70756 18
658 70803 122
659 70996 81
660 71051 195
661 71068 124
662 71375 134
663 71452 118
664 71737 132
665 71751 110
666 71796 157
667 71839 70
668 71871 196
669 72132 172
670 72205 170
671 72294 2
672 72348 53
673 72435 141
674 72500 144
675 72589 92
676 72596 128
677 72623 79
678 72627 51
679 72632 125
680 72670 14
681 72674 100
682 72710 195
683 72858 116
684 72889 143
685 72914 38
686 72914 199
687 72998 140
688 73070 114
689 73085 129
690 73152 5
691 73313 147
692 73368 139
693 73451 96
694 73590 22
695 73647 27
696 73799 159
697 73913 157
698 74093 46
699 74185 47
700 74188 112
701 74360 4
702 74445 26
703 74506 17
704 74564 175
705 74890 197
706 74922 68
707 74978 14
708 75113 120
709 75123 51
710 75202 33
711 75265 80
712 75580 154
713 75618 96
714 75688 108
715 75867 138
716 75977 177
717 76063 185
718 76349 84
719 76372 93
720 76456 97
721 76482 140
722 76699 136
723 76763 74
724 76849 165
725 77403 52
726 77406 152
727 77448 140
728 77528 166
729 77668 103
730 77738 80
731 77814 148
732 77828 85
733 77864 162
734 77866 132
735 77920 129
736 78027 95
737 78074 144
738 78100 124
739 78106 188
740 78149 44
741 78338 189
742 78409 121
743 78452 99
744 78607 19
745 79143 64
746 79238 96
747 79283 106
748 79368 143
749 79521 99
750 79532 73
751 79546 54
752 79697 198
753 79723 148
754 79756 117
755 79898 113
756 79939 78
757 80261 154
758 80390 133
759 80563 36
760 80606 108
761 80730 50
762 80766 62
763 80869 135
764 80980 126
765 81032 29
766 81109 164
767 81178 116
768 81566 182
769 81592 186
770 81910 101
771 82102 9
772 82175 150
773 82180 80
774 82185 117
775 82293 186
776 82402 166
777 82438 131
778 82480 93
779 82623 30
780 82655 153
781 82786 167
782 82889 196
783 82890 29
784 83094 48
785 83279 27
786 83299 63
787 83304 30
788 83362 101
789 83560 198
790 83876 176
791 84077 145
792 84235 121
793 84307 119
794 84308 195
795 84312 135
796 84354 109
797 84357 63
798 84610 87
799 84688 33
800 84722 8
801 84805 35
802 85183 197
803 85193 185
804 85317 125
805 85521 66
806 85574 117
807 85598 144
808 85778 188
809 85806 3
810 86051 161
811 86061 80
812 86061 142
813 86078 125
814 86097 136
815 86211 163
816 86667 71
817 86885 164
818 87041 12
819 87085 116
820 87318 35
821 87324 91
822 87541 94
823 87600 140
824 87903 95
825 87976 14
826 88248 183
827 88252 76
828 88384 139
829 88574 152
830 88781 12
831 88818 169
832 88933 14
833 89101 100
834 89113 136
835 89320 65
836 89358 147
837 89390 73
838 89409 141
839 89602 24
840 89644 58
841 89938 194
842 90187 82
843 90205 115
844 90224 172
845 90290 197
846 90355 84
847 90560 168
848 90805 1
849 90882 75
850 91033 34
851 91474 58
852 91507 150
853 91532 124
854 91790 93
855 91872 30
856 91918 136
857 91985 141
858 92048 44
859 92249 140
860 92346 26
861 92451 54
862 92455 53
863 92470 158
864 92480 88
865 92768 141
866 93365 27
867 93603 6
868 93620 79
869 93747 170
870 93761 28
871 93795 121
872 93919 22
873 94055 84
874 94100 68
875 94238 183
876 94444 112
877 94805 154
878 94978 9
879 95163 169
880 95309 199
881 95452 169
882 95568 10
883 96076 104
884 96209 55
885 96414 58
886 96661 24
887 96698 197
888 96903 143
889 97030 13
890 97118 56
891 97131 55
892 97277 135
893 97313 82
894 97333 174
895 97392 39
896 97595 14
897 97706 100
898 97862 85
899 97900 62
900 97940 181
901 97976 124
902 98008 1
903 98171 1
904 98266 153
905 98303 105
906 98522 160
907 98605 126
908 98675 118
909 98690 37
910 98966 161
911 99054 15
912 99183 138
913 99215 149
914 99401 21
915 99666 64
916 99794 33
917 99836 5
918 99998 59
919 100002 128
920 100090 169
921 100162 170
922 100305 142
923 100306 175
924 100505 6
925 100713 102
926 100843 190
927 100923 91
928 101021 133
929 101217 100
930 101260 1
931 101342 58
932 101651 149
933 102002 18
934 102313 170
935 102320 170
936 102364 129
937 102633 19
938 102725 186
939 102759 81
940 102767 155
941 102786 108
942 102866 1
943 102884 22
944 102951 189
945 103030 191
946 103174 35
947 103350 126
948 103591 62
949 103644 143
950 103801 192
951 103844 121
952 104535 155
953 104553 143
954 104573 131
955 104962 35
956 105048 109
957 105050 181
958 105233 45
959 105253 146
960 105272 123
961 105277 126
962 105419 136
963 105511 93
964 105613 97
965 105677 131
966 105733 50
967 105801 113
968 105802 190
969 106168 49
970 106173 29
971 106234 158
972 106241 177
973 106357 198
974 106463 140
975 106480 6
976 106557 183
977 106681 124
978 106686 37
979 106893 18
980 106916 154
981 106918 125
982 106925 151
983 107483 111
984 107495 43
985 107527 165
986 107773 42
987 107924 112
988 107938 11
989 108140 191
990 108167 156
991 108249 117
992 108272 182
993 108643 159
994 108708 7
995 108956 102
996 108968 75
997 108998 66
998 109055 167
999 109086 70
1000 109109 135
