2000
1 0 184
2 55 178
3 231 194
4 255 187
5 415 50
6 503 163
7 612 91
8 691 164
9 963 141
10 1101 173
11 1203 12
12 1233 168
13 1412 183
14 1468 63
15 1480 68
16 1507 130
17 1707 23
18 1745 70
19 1826 194
20 2222 12
21 2384 30
22 2545 22
23 2789 185
24 2836 199
25 3112 116
26 3440 14
27 3449 92
28 3568 157
29 3615 63
30 3617 197
31 3624 106
32 4012 85
33 4221 137
34 4306 47
35 4463 114
36 4584 125
37 4588 183
38 4883 15
39 5023 35
40 5170 44
41 5218 88
42 5237 77
43 5470 189
44 5514 4
45 5760 155
46 5887 133
47 5984 77
48 6199 140
49 6482 27
50 6667 95
51 6933 196
52 6959 35
53 7237 68
54 7471 98
55 7533 118
56 7569 53
57 7609 102
58 7637 87
59 7672 66
60 7731 45
61 7992 41
62 8006 32
63 8163 98
64 8463 82
65 8516 110
66 8566 168
67 8595 98
68 8625 187
69 8769 107
70 8942 20
71 9092 129
72 9421 133
73 9502 104
74 9532 71
75 9677 109
76 10053 141
77 10209 197
78 10224 19
79 10232 47
80 10257 122
81 10445 180
82 10599 165
83 10617 42
84 10642 194
85 10656 35
86 10662 125
87 10670 188
88 10952 144
89 10973 28
90 11027 60
91 11215 33
92 11303 38
93 11369 76
94 11380 75
95 11535 59
96 12069 30
97 12300 36
98 12409 19
99 12560 144
100 12845 129
101 13040 177
102 13189 44
103 13641 14
104 13716 7
105 13910 105
106 13918 129
107 13949 170
108 13977 118
109 14018 125
110 14046 71
111 14156 91
112 14271 173
113 14662 45
114 14748 106
115 14761 155
116 14859 70
117 14924 143
118 15130 198
119 15130 156
120 15230 149
121 15259 23
122 15331 100
123 15371 147
124 15393 141
125 15397 112
126 15527 6
127 15638 62
128 15660 79
129 15768 121
130 15811 45
131 15835 123
132 15961 109
133 15993 83
134 16003 125
135 16233 63
136 16243 1
137 16292 53
138 16390 180
139 16427 69
140 16464 174
141 16487 82
142 16487 134
143 16531 61
144 16594 200
145 16870 100
146 17002 160
147 17129 14
148 17292 191
149 17564 127
150 17589 85
151 17676 91
152 17934 177
153 18161 137
154 18255 46
155 18290 180
156 18364 88
157 18571 149
158 18608 60
159 18734 137
160 18750 143
161 18824 7
162 18965 114
163 18992 122
164 19006 20
165 19055 122
166 19350 140
167 19457 141
168 19644 106
169 19688 128
170 19806 185
171 19838 121
172 19846 23
173 19960 197
174 19997 31
175 20007 93
176 20306 73
177 20339 26
178 20496 23
179 20514 41
180 20622 99
181 20647 99
182 20708 125
183 20763 10
184 20806 20
185 20917 133
186 20962 195
187 20978 180
188 20978 74
189 21141 51
190 21154 61
191 21294 180
192 21359 194
193 21494 22
194 21564 105
195 21574 162
196 21627 127
197 21744 145
198 21759 3
199 21765 185
200 21931 43
201 21995 129
202 22092 73
203 22175 159
204 22224 37
205 22465 154
206 22485 104
207 22567 134
208 22666 91
209 22860 168
210 22871 169
211 22891 101
212 22919 189
213 22956 50
214 23187 104
215 23372 164
216 23376 54
217 23541 87
218 23739 153
219 23766 176
220 23870 158
221 23993 37
222 24132 15
223 24188 61
224 24250 29
225 24303 51
226 24321 157
227 24322 195
228 24374 100
229 24521 40
230 24636 29
231 24913 101
232 25095 48
233 25136 160
234 25136 136
235 25340 140
236 25453 16
237 25509 105
238 25648 50
239 25772 86
240 25775 144
241 25902 178
242 26008 39
243 26100 150
244 26100 168
245 26133 93
246 26347 144
247 26392 30
248 26624 83
249 26665 142
250 26687 27
251 26764 62
252 26887 161
253 26910 24
254 27044 82
255 27131 191
256 27427 197
257 27714 78
258 28012 91
259 28100 125
260 28276 15
261 28375 6
262 28964 113
263 29007 101
264 29104 127
265 29260 117
266 29434 179
267 29536 147
268 29556 48
269 29776 52
270 29896 32
271 30000 58
272 30114 113
273 30131 15
274 30134 113
275 30214 13
276 30293 11
277 30367 190
278 30372 156
279 30425 21
280 30491 188
281 30549 139
282 30606 171
283 30745 57
284 30929 7
285 30994 50
286 31580 6
287 31588 18
288 31688 146
289 31715 74
290 31997 74
291 32065 90
292 32274 8
293 32601 158
294 32761 72
295 32845 101
296 32916 19
297 32985 26
298 33361 75
299 33428 158
300 33587 94
301 33619 71
302 33983 18
303 34039 170
304 34127 23
305 34150 174
306 34199 32
307 34472 83
308 34574 93
309 34586 58
310 34610 122
311 34708 175
312 34807 148
313 34897 32
314 34927 138
315 34973 55
316 35256 99
317 35417 82
318 35714 117
319 35779 32
320 35953 197
321 36323 139
322 36361 19
323 36411 171
324 36562 13
325 36597 178
326 36611 137
327 36718 177
328 37002 8
329 37038 58
330 37062 100
331 37083 128
332 37111 37
333 37112 19
334 37126 164
335 37241 45
336 37252 6
337 37260 92
338 37335 156
339 37373 190
340 37640 194
341 37663 6
342 37725 23
343 37878 118
344 38559 94
345 38640 127
346 38759 87
347 38802 144
348 38916 15
349 38921 180
350 39099 163
351 39225 89
352 39266 111
353 39304 95
354 39327 147
355 39333 138
356 39351 154
357 39367 174
358 39373 126
359 39693 111
360 39978 18
361 40010 164
362 40030 91
363 40101 131
364 40387 172
365 40483 34
366 40511 190
367 40621 5
368 40622 6
369 40668 69
370 40749 86
371 40789 196
372 40902 150
373 40936 168
374 40980 164
375 41136 197
376 41262 66
377 41467 37
378 41568 171
379 41689 12
380 41896 133
381 41928 180
382 42007 71
383 42110 173
384 42299 35
385 42445 84
386 42494 199
387 42496 64
388 42569 151
389 42704 174
390 42781 60
391 42789 48
392 42861 83
393 42865 33
394 42895 155
395 42998 99
396 43356 41
397 43375 160
398 43530 63
399 43530 42
400 43676 124
401 43957 73
402 44127 155
403 44138 22
404 44168 166
405 44178 172
406 44213 70
407 44518 102
408 44529 54
409 44734 108
410 44863 129
411 44925 198
412 44968 85
413 44983 135
414 45035 192
415 45153 99
416 45386 53
417 45412 190
418 45494 107
419 45809 17
420 45823 110
421 45902 1
422 45928 110
423 45947 82
424 46009 139
425 46124 27
426 46192 148
427 46358 188
428 46484 133
429 46706 82
430 46711 51
431 46732 191
432 46744 151
433 46843 14
434 46975 95
435 47032 82
436 47126 121
437 47153 183
438 47204 88
439 47215 97
440 47268 5
441 47567 93
442 47762 98
443 47872 135
444 47979 107
445 48074 58
446 48077 196
447 48177 163
448 48194 84
449 48359 155
450 48505 110
451 48625 133
452 48637 22
453 48648 164
454 48682 83
455 48719 86
456 49042 86
457 49119 191
458 49421 115
459 49459 117
460 49572 93
461 49601 129
462 49710 126
463 49894 137
464 49897 19
465 50002 138
466 50165 183
467 50173 111
468 50193 89
469 50242 16
470 50294 38
471 50305 9
472 50528 184
473 50540 58
474 50692 28
475 50742 70
476 50776 52
477 50783 111
478 50845 40
479 50968 89
480 51038 194
481 51065 91
482 51159 200
483 51173 132
484 51244 178
485 51267 58
486 51282 153
487 51304 42
488 51558 169
489 51739 185
490 51866 177
491 51871 67
492 52035 155
493 52252 109
494 52818 79
495 52939 156
496 53132 175
497 53268 1
498 53291 198
499 53309 13
500 53352 183
501 53435 94
502 53547 40
503 53614 22
504 53614 186
505 53637 155
506 53701 163
507 53817 142
508 53864 53
509 53925 63
510 53930 200
511 54112 155
512 54586 16
513 54622 52
514 54670 191
515 54881 92
516 55050 38
517 55066 60
518 55078 72
519 55455 188
520 55678 191
521 55856 171
522 55911 66
523 55994 70
524 56379 162
525 56389 152
526 56394 101
527 56646 39
528 56705 165
529 56732 33
530 56839 105
531 56907 80
532 56974 13
533 57172 170
534 57196 171
535 57318 45
536 57679 50
537 57732 66
538 58025 127
539 58036 184
540 58265 170
541 58544 153
542 58554 194
543 58933 90
544 58933 32
545 58970 65
546 59003 149
547 59007 78
548 59054 34
549 59090 150
550 59213 156
551 59320 69
552 59382 161
553 59990 24
554 60275 172
555 60308 78
556 60345 46
557 60488 162
558 60488 124
559 60730 101
560 60969 76
561 61081 43
562 61366 60
563 61590 90
564 61677 70
565 61871 152
566 61884 184
567 62100 134
568 62168 105
569 62432 182
570 62775 67
571 62797 168
572 62846 193
573 62954 103
574 63059 132
575 63111 175
576 63241 119
577 63356 184
578 63486 88
579 63734 174
580 63857 63
581 63925 134
582 63946 97
583 63990 142
584 64012 127
585 64014 181
586 64073 86
587 64126 106
588 64141 30
589 64158 99
590 64241 163
591 64272 120
592 64357 42
593 64561 11
594 64620 127
595 64691 190
596 64759 109
597 64992 139
598 65026 94
599 65061 111
600 65128 106
601 65225 14
602 65304 39
603 65420 22
604 65881 30
605 65935 181
606 65977 96
607 66125 25
608 66208 155
609 66219 170
610 66262 170
611 66266 174
612 66346 34
613 66407 188
614 66423 95
615 66452 100
616 66452 140
617 66522 143
618 66694 87
619 66714 150
620 66999 187
621 67036 12
622 67059 134
623 67072 123
624 67177 174
625 67301 120
626 67471 155
627 67613 125
628 67727 60
629 67737 19
630 67952 113
631 68004 106
632 68020 134
633 68074 135
634 68512 116
635 68647 88
636 68660 70
637 68678 88
638 68681 38
639 68684 90
640 68755 6
641 68852 105
642 68914 158
643 69007 4
644 69076 93
645 69296 123
646 69765 44
647 69788 162
648 69799 179
649 69805 101
650 69821 83
651 70322 100
652 70483 190
653 70574 154
654 70632 149
655 70697 37
656 70738 108
657 70756 18
658 70803 122
659 70996 81
660 71051 195
661 71068 124
662 71375 134
663 71452 118
664 71737 132
665 71751 110
666 71796 157
667 71839 70
668 71871 196
669 72132 172
670 72205 170
671 72294 2
672 72348 53
673 72435 141
674 72500 144
675 72589 92
676 72596 128
677 72623 79
678 72627 51
679 72632 125
680 72670 14
681 72674 100
682 72710 195
683 72858 116
684 72889 143
685 72914 38
686 72914 199
687 72998 140
688 73070 114
689 73085 129
690 73152 5
691 73313 147
692 73368 139
693 73451 96
694 73590 22
695 73647 27
696 73799 159
697 73913 157
698 74093 46
699 74185 47
700 74188 112
701 74360 4
702 74445 26
703 74506 17
704 74564 175
705 74890 197
706 74922 68
707 74978 14
708 75113 120
709 75123 51
710 75202 33
711 75265 80
712 75580 154
713 75618 96
714 75688 108
715 75867 138
716 75977 177
717 76063 185
718 76349 84
719 76372 93
720 76456 97
721 76482 140
722 76699 136
723 76763 74
724 76849 165
725 77403 52
726 77406 152
727 77448 140
728 77528 166
729 77668 103
730 77738 80
731 77814 148
732 77828 85
733 77864 162
734 77866 132
735 77920 129
736 78027 95
737 78074 144
738 78100 124
739 78106 188
740 78149 44
741 78338 189
742 78409 121
743 78452 99
744 78607 19
745 79143 64
746 79238 96
747 79283 106
748 79368 143
749 79521 99
750 79532 73
751 79546 54
752 79697 198
753 79723 148
754 79756 117
755 79898 113
756 79939 78
757 80261 154
758 80390 133
759 80563 36
760 80606 108
761 80730 50
762 80766 62
763 80869 135
764 80980 126
765 81032 29
766 81109 164
767 81178 116
768 81566 182
769 81592 186
770 81910 101
771 82102 9
772 82175 150
773 82180 80
774 82185 117
775 82293 186
776 82402 166
777 82438 131
778 82480 93
779 82623 30
780 82655 153
781 82786 167
782 82889 196
783 82890 29
784 83094 48
785 83279 27
786 83299 63
787 83304 30
788 83362 101
789 83560 198
790 83876 176
791 84077 145
792 84235 121
793 84307 119
794 84308 195
795 84312 135
796 84354 109
797 84357 63
798 84610 87
799 84688 33
800 84722 8
801 84805 35
802 85183 197
803 85193 185
804 85317 125
805 85521 66
806 85574 117
807 85598 144
808 85778 188
809 85806 3
810 86051 161
811 86061 80
812 86061 142
813 86078 125
814 86097 136
815 86211 163
816 86667 71
817 86885 164
818 87041 12
819 87085 116
820 87318 35
821 87324 91
822 87541 94
823 87600 140
824 87903 95
825 87976 14
826 88248 183
827 88252 76
828 88384 139
829 88574 152
830 88781 12
831 88818 169
832 88933 14
833 89101 100
834 89113 136
835 89320 65
836 89358 147
837 89390 73
838 89409 141
839 89602 24
840 89644 58
841 89938 194
842 90187 82
843 90205 115
844 90224 172
845 90290 197
846 90355 84
847 90560 168
848 90805 1
849 90882 75
850 91033 34
851 91474 58
852 91507 150
853 91532 124
854 91790 93
855 91872 30
856 91918 136
857 91985 141
858 92048 44
859 92249 140
860 92346 26
861 92451 54
862 92455 53
863 92470 158
864 92480 88
865 92768 141
866 93365 27
867 93603 6
868 93620 79
869 93747 170
870 93761 28
871 93795 121
872 93919 22
873 94055 84
874 94100 68
875 94238 183
876 94444 112
877 94805 154
878 94978 9
879 95163 169
880 95309 199
881 95452 169
882 95568 10
883 96076 104
884 96209 55
885 96414 58
886 96661 24
887 96698 197
888 96903 143
889 97030 13
890 97118 56
891 97131 55
892 97277 135
893 97313 82
894 97333 174
895 97392 39
896 97595 14
897 97706 100
898 97862 85
899 97900 62
900 97940 181
901 97976 124
902 98008 1
903 98171 1
904 98266 153
905 98303 105
906 98522 160
907 98605 126
908 98675 118
909 98690 37
910 98966 161
911 99054 15
912 99183 138
913 99215 149
914 99401 21
915 99666 64
916 99794 33
917 99836 5
918 99998 59
919 100002 128
920 100090 169
921 100162 170
922 100305 142
923 100306 175
924 100505 6
925 100713 102
926 100843 190
927 100923 91
928 101021 133
929 101217 100
930 101260 1
931 101342 58
932 101651 149
933 102002 18
934 102313 170
935 102320 170
936 102364 129
937 102633 19
938 102725 186
939 102759 81
940 102767 155
941 102786 108
942 102866 1
943 102884 22
944 102951 189
945 103030 191
946 103174 35
947 103350 126
948 103591 62
949 103644 143
950 103801 192
951 103844 121
952 104535 155
953 104553 143
954 104573 131
955 104962 35
956 105048 109
957 105050 181
958 105233 45
959 105253 146
960 105272 123
961 105277 126
962 105419 136
963 105511 93
964 105613 97
965 105677 131
966 105733 50
967 105801 113
968 105802 190
969 106168 49
970 106173 29
971 106234 158
972 106241 177
973 106357 198
974 106463 140
975 106480 6
976 106557 183
977 106681 124
978 106686 37
979 106893 18
980 106916 154
981 106918 125
982 106925 151
983 107483 111
984 107495 43
985 107527 165
986 107773 42
987 107924 112
988 107938 11
989 108140 191
990 108167 156
991 108249 117
992 108272 182
993 108643 159
994 108708 7
995 108956 102
996 108968 75
997 108998 66
998 109055 167
999 109086 70
1000 109109 135
1001 109233 137
1002 109254 107
1003 109259 98
1004 109452 61
1005 109457 171
1006 109687 187
1007 109855 9
1008 110025 78
1009 110064 137
1010 110155 94
1011 110391 147
1012 110405 168
1013 110611 97
1014 110659 141
1015 110664 96
1016 110763 151
1017 110874 3
1018 110892 31
1019 110901 126
1020 110994 91
1021 110997 162
1022 111135 135
1023 111214 196
1024 111305 136
1025 111454 152
1026 111456 121
1027 111634 101
1028 111786 62
1029 111907 175
1030 112056 115
1031 112174 29
1032 112238 53
1033 112251 26
1034 112702 34
1035 112796 78
1036 112840 150
1037 112840 152
1038 112900 161
1039 112989 200
1040 113034 30
1041 113047 29
1042 113330 200
1043 113406 190
1044 113499 77
1045 113667 167
1046 113902 185
1047 114019 160
1048 114168 177
1049 114445 72
1050 114822 39
1051 114858 85
1052 114869 91
1053 114916 176
1054 115099 182
1055 115178 51
1056 115202 29
1057 115281 65
1058 115370 159
1059 115547 145
1060 115568 170
1061 115633 178
1062 115636 58
1063 115689 143
1064 115915 73
1065 115990 196
1066 116168 66
1067 116184 50
1068 116191 68
1069 116253 159
1070 116308 103
1071 116311 164
1072 116406 39
1073 116548 15
1074 116637 34
1075 116671 31
1076 116683 70
1077 116859 60
1078 117045 96
1079 117310 114
1080 117385 119
1081 117468 30
1082 117491 93
1083 117515 44
1084 117534 8
1085 117550 114
1086 117645 114
1087 117663 97
1088 117802 57
1089 117841 100
1090 117898 70
1091 117899 196
1092 117935 90
1093 118052 170
1094 118052 9
1095 118222 105
1096 118628 96
1097 118801 15
1098 119283 165
1099 119343 52
1100 119452 11
1101 119586 139
1102 119733 194
1103 119783 27
1104 119933 146
1105 120078 195
1106 120107 7
1107 120228 57
1108 120319 196
1109 120423 185
1110 120669 61
1111 120676 83
1112 120815 174
1113 120818 96
1114 121028 106
1115 121240 167
1116 121242 64
1117 121371 191
1118 121431 91
1119 121457 162
1120 121602 94
1121 121644 2
1122 121776 145
1123 121849 52
1124 121891 189
1125 122087 48
1126 122163 76
1127 122172 157
1128 122325 130
1129 122615 43
1130 122707 150
1131 122717 102
1132 122763 65
1133 122810 173
1134 123013 12
1135 123322 143
1136 123401 41
1137 123487 60
1138 123518 59
1139 123589 29
1140 123604 98
1141 123770 95
1142 123795 157
1143 124010 126
1144 124403 54
1145 124494 72
1146 124587 81
1147 124602 120
1148 124664 168
1149 124792 4
1150 124797 130
1151 125007 187
1152 125248 195
1153 125410 59
1154 125471 109
1155 125607 99
1156 125697 114
1157 125721 131
1158 125768 148
1159 125909 59
1160 126115 79
1161 126334 108
1162 126645 54
1163 126690 8
1164 126761 176
1165 126876 103
1166 126992 109
1167 127001 27
1168 127255 87
1169 127381 107
1170 127392 124
1171 127638 152
1172 127876 102
1173 127936 11
1174 127954 193
1175 128044 1
1176 128107 151
1177 128166 182
1178 128225 88
1179 128378 129
1180 128544 152
1181 128603 119
1182 128864 24
1183 129273 115
1184 129320 183
1185 129336 8
1186 129342 130
1187 129355 95
1188 129369 145
1189 129390 79
1190 129518 127
1191 129554 161
1192 129572 187
1193 129649 185
1194 129715 83
1195 129786 40
1196 129905 49
1197 130026 45
1198 130081 56
1199 130133 86
1200 130173 84
1201 130197 47
1202 130284 156
1203 130322 43
1204 130532 151
1205 130875 190
1206 130900 151
1207 131020 57
1208 131322 43
1209 131642 115
1210 131703 59
1211 131811 110
1212 131853 65
1213 131971 82
1214 132286 17
1215 132354 61
1216 132442 164
1217 132544 64
1218 132958 200
1219 133123 171
1220 133175 178
1221 133225 130
1222 133610 13
1223 133946 18
1224 133971 180
1225 134009 180
1226 134051 38
1227 134192 48
1228 134219 196
1229 134266 125
1230 134325 200
1231 134384 112
1232 134455 44
1233 134463 185
1234 134751 33
1235 134787 97
1236 134883 19
1237 135127 42
1238 135255 164
1239 135322 87
1240 135471 95
1241 135554 36
1242 135680 59
1243 135813 138
1244 135924 116
1245 135932 18
1246 136158 199
1247 136161 181
1248 136239 7
1249 136418 36
1250 136755 24
1251 136905 153
1252 137054 110
1253 137064 26
1254 137136 157
1255 137179 72
1256 137220 81
1257 137257 86
1258 137270 190
1259 137527 145
1260 137532 189
1261 137712 171
1262 137781 42
1263 137816 180
1264 138121 19
1265 138180 39
1266 138200 51
1267 138261 85
1268 138438 89
1269 138484 136
1270 138492 125
1271 138570 199
1272 138653 114
1273 138706 48
1274 138880 163
1275 138935 111
1276 138968 58
1277 139130 41
1278 139134 87
1279 139271 100
1280 139285 90
1281 139506 147
1282 139544 185
1283 139568 51
1284 139756 44
1285 139808 69
1286 139834 193
1287 139870 77
1288 139997 54
1289 140052 64
1290 140383 20
1291 140427 70
1292 140969 110
1293 141294 81
1294 141311 33
1295 141311 101
1296 141483 21
1297 141573 14
1298 141593 30
1299 141615 29
1300 141655 51
1301 141891 145
1302 141956 19
1303 141991 5
1304 142185 48
1305 142290 40
1306 142357 194
1307 142945 49
1308 142950 171
1309 143022 51
1310 143123 60
1311 143192 30
1312 143241 149
1313 143313 189
1314 143485 107
1315 143565 155
1316 143592 170
1317 143699 104
1318 143791 71
1319 143970 12
1320 144062 127
1321 144083 41
1322 144133 65
1323 144204 127
1324 144217 17
1325 144320 142
1326 144386 79
1327 144399 60
1328 144411 166
1329 144457 5
1330 144490 168
1331 145166 133
1332 145200 9
1333 145218 77
1334 145298 95
1335 145326 52
1336 145378 43
1337 145391 45
1338 145485 181
1339 145504 94
1340 145593 99
1341 145650 129
1342 145861 110
1343 146050 3
1344 146064 139
1345 146279 50
1346 146282 69
1347 146503 147
1348 146574 121
1349 146589 59
1350 147037 15
1351 147047 140
1352 147207 155
1353 147220 116
1354 147396 58
1355 147399 36
1356 147405 147
1357 147454 84
1358 147828 104
1359 148050 34
1360 148097 149
1361 148166 101
1362 148262 17
1363 148387 150
1364 148435 22
1365 148442 104
1366 148462 22
1367 148595 44
1368 148643 178
1369 148679 63
1370 148689 71
1371 148767 94
1372 148923 62
1373 148929 25
1374 148935 167
1375 149119 160
1376 149234 94
1377 149408 187
1378 149512 58
1379 149551 47
1380 149587 96
1381 149627 18
1382 149706 97
1383 149761 93
1384 149954 124
1385 149956 61
1386 150483 4
1387 150490 164
1388 150546 35
1389 150617 135
1390 150622 150
1391 150849 19
1392 150942 105
1393 151241 105
1394 151257 93
1395 151275 145
1396 151374 5
1397 151609 57
1398 151679 127
1399 152084 128
1400 152417 55
1401 152444 197
1402 152525 46
1403 152655 27
1404 152714 3
1405 152767 33
1406 152835 158
1407 152854 147
1408 153141 161
1409 153168 128
1410 153212 154
1411 153287 41
1412 153486 185
1413 153489 11
1414 153605 149
1415 153708 114
1416 153708 78
1417 153795 164
1418 153809 125
1419 153874 155
1420 153933 55
1421 153933 79
1422 153943 143
1423 154217 178
1424 154251 28
1425 154261 155
1426 154340 176
1427 154422 91
1428 154782 195
1429 154901 24
1430 154994 191
1431 155021 97
1432 155032 150
1433 155043 94
1434 155044 155
1435 155203 152
1436 155256 188
1437 155297 125
1438 155605 160
1439 155681 184
1440 155731 7
1441 155912 168
1442 155933 37
1443 155962 47
1444 156212 110
1445 156365 126
1446 156385 158
1447 156389 71
1448 156539 186
1449 156614 84
1450 156745 165
1451 156768 53
1452 156771 169
1453 156862 33
1454 157009 31
1455 157030 67
1456 157147 105
1457 157670 172
1458 157712 195
1459 158089 76
1460 158103 39
1461 158231 108
1462 158361 174
1463 158452 158
1464 158682 94
1465 158706 51
1466 158748 179
1467 158865 161
1468 159117 32
1469 159159 27
1470 159196 112
1471 159346 99
1472 159419 78
1473 159582 61
1474 159944 191
1475 159947 80
1476 160015 88
1477 160067 80
1478 160132 164
1479 160231 125
1480 160231 29
1481 160484 67
1482 160507 30
1483 160629 59
1484 160794 172
1485 160936 74
1486 161010 130
1487 161010 4
1488 161035 146
1489 161206 183
1490 161287 104
1491 161319 69
1492 161403 48
1493 161419 156
1494 161513 137
1495 161554 172
1496 161638 159
1497 161890 77
1498 162052 18
1499 162237 200
1500 162328 171
1501 162432 128
1502 162433 197
1503 162437 11
1504 162493 99
1505 162547 183
1506 162661 54
1507 162926 48
1508 162963 55
1509 162983 15
1510 163154 187
1511 163218 61
1512 163351 129
1513 163356 84
1514 163625 23
1515 163627 38
1516 163684 108
1517 163768 197
1518 163801 48
1519 163914 150
1520 163971 151
1521 164068 3
1522 164195 39
1523 164225 56
1524 164313 6
1525 164511 36
1526 164766 112
1527 164886 89
1528 164992 184
1529 165000 137
1530 165095 159
1531 165096 103
1532 165244 92
1533 165302 121
1534 165317 9
1535 165436 189
1536 165446 58
1537 165543 162
1538 165696 41
1539 165846 141
1540 165876 142
1541 165989 142
1542 166203 24
1543 166356 45
1544 166358 153
1545 166359 117
1546 166653 60
1547 166751 128
1548 166845 173
1549 166967 41
1550 166973 175
1551 167003 139
1552 167100 172
1553 167375 80
1554 167493 20
1555 167605 162
1556 167635 147
1557 167640 118
1558 167738 84
1559 167833 129
1560 167942 96
1561 167968 51
1562 168073 167
1563 168102 57
1564 168282 130
1565 168534 119
1566 168564 30
1567 168564 88
1568 168945 108
1569 168964 116
1570 169060 138
1571 169143 191
1572 169153 83
1573 169446 6
1574 169499 23
1575 169536 58
1576 169547 82
1577 169642 24
1578 169682 37
1579 169950 90
1580 170090 128
1581 170499 174
1582 170830 16
1583 171000 109
1584 171254 131
1585 171341 105
1586 171495 157
1587 171536 56
1588 171656 107
1589 171737 109
1590 171892 98
1591 171900 198
1592 171941 73
1593 172035 130
1594 172104 4
1595 172253 132
1596 172292 178
1597 172310 192
1598 172441 70
1599 172461 171
1600 172704 29
1601 172713 124
1602 172892 73
1603 172965 176
1604 173079 95
1605 173160 60
1606 173350 50
1607 173383 74
1608 173414 182
1609 173573 136
1610 173617 173
1611 173877 21
1612 173905 75
1613 174145 46
1614 174963 16
1615 175044 48
1616 175211 194
1617 175295 181
1618 175296 5
1619 175302 197
1620 175306 192
1621 175313 90
1622 175333 18
1623 176169 68
1624 176189 117
1625 176204 88
1626 176239 173
1627 176255 142
1628 176266 24
1629 176326 143
1630 176335 106
1631 176814 83
1632 176903 64
1633 176969 68
1634 177056 122
1635 177084 166
1636 177094 25
1637 177158 59
1638 177263 121
1639 177386 192
1640 177412 80
1641 177449 29
1642 177653 91
1643 178124 98
1644 178189 60
1645 178193 153
1646 178241 133
1647 178296 167
1648 178383 1
1649 178455 15
1650 178504 2
1651 178631 139
1652 178631 138
1653 178765 19
1654 178859 74
1655 178916 46
1656 178938 194
1657 178972 108
1658 178985 147
1659 179386 150
1660 179507 149
1661 179517 74
1662 179521 40
1663 179841 77
1664 179887 178
1665 180015 65
1666 180031 23
1667 180048 109
1668 180125 152
1669 180282 170
1670 180311 41
1671 180534 82
1672 180749 193
1673 180815 70
1674 180871 147
1675 180955 97
1676 181019 24
1677 181030 176
1678 181044 162
1679 181052 6
1680 181122 96
1681 181142 70
1682 181158 177
1683 181314 30
1684 181334 56
1685 181477 58
1686 181604 167
1687 181800 82
1688 181947 80
1689 182028 50
1690 182167 25
1691 182192 73
1692 182320 117
1693 182433 62
1694 182480 52
1695 182515 17
1696 182587 41
1697 182650 169
1698 182807 167
1699 182840 97
1700 182978 149
1701 183024 70
1702 183121 197
1703 183452 178
1704 183520 6
1705 183588 54
1706 183671 173
1707 183717 30
1708 184119 173
1709 184122 119
1710 184255 62
1711 184272 27
1712 184424 124
1713 184603 71
1714 184768 97
1715 184832 63
1716 184839 25
1717 185092 64
1718 185456 36
1719 185881 48
1720 185923 19
1721 186026 23
1722 186039 26
1723 186047 184
1724 186352 48
1725 186409 79
1726 186467 188
1727 186658 163
1728 186674 52
1729 186798 152
1730 186929 103
1731 186987 144
1732 187249 51
1733 187307 99
1734 187326 151
1735 187365 30
1736 187561 199
1737 187606 113
1738 187823 9
1739 187826 79
1740 187906 150
1741 187969 164
1742 188625 165
1743 188636 152
1744 188880 110
1745 188885 115
1746 189135 21
1747 189182 91
1748 189343 169
1749 189467 108
1750 189484 40
1751 189543 41
1752 189781 94
1753 190070 118
1754 190090 152
1755 190177 109
1756 190234 56
1757 190341 142
1758 190373 102
1759 190457 140
1760 190533 147
1761 190678 127
1762 190682 17
1763 190706 190
1764 190907 111
1765 191057 56
1766 191269 91
1767 191656 43
1768 191929 104
1769 192002 189
1770 192218 12
1771 192382 12
1772 192384 72
1773 192505 192
1774 192519 197
1775 192579 88
1776 192751 137
1777 192753 63
1778 192783 135
1779 192897 90
1780 192908 5
1781 192915 98
1782 193003 97
1783 193133 30
1784 193439 157
1785 193528 159
1786 193555 66
1787 193562 187
1788 193705 75
1789 193787 62
1790 194100 109
1791 194170 167
1792 194182 67
1793 194274 150
1794 194411 136
1795 194472 198
1796 194574 135
1797 194733 187
1798 194817 91
1799 194925 183
1800 195039 186
1801 195074 15
1802 195152 15
1803 195165 141
1804 195173 131
1805 195183 65
1806 195282 55
1807 195435 187
1808 195441 163
1809 195446 73
1810 195530 126
1811 195625 190
1812 196045 21
1813 196083 43
1814 196263 193
1815 196792 110
1816 196804 70
1817 196846 181
1818 196949 28
1819 197165 125
1820 197174 75
1821 197308 100
1822 197387 171
1823 197439 153
1824 197604 126
1825 197649 183
1826 197915 199
1827 197980 64
1828 198013 148
1829 198070 33
1830 198193 35
1831 198274 22
1832 198394 17
1833 198450 139
1834 198486 27
1835 198835 106
1836 198861 4
1837 198865 133
1838 198879 196
1839 198918 59
1840 199128 13
1841 199153 124
1842 199243 165
1843 199359 133
1844 199416 149
1845 199665 108
1846 199731 59
1847 199952 38
1848 199986 34
1849 200040 24
1850 200123 191
1851 200400 112
1852 200401 86
1853 200471 73
1854 200524 32
1855 200527 106
1856 200586 76
1857 201303 159
1858 201553 120
1859 201731 55
1860 201866 161
1861 201920 2
1862 201934 42
1863 201970 198
1864 202051 14
1865 202362 87
1866 202364 102
1867 202541 103
1868 202730 146
1869 202750 124
1870 202755 57
1871 202818 126
1872 202881 9
1873 202945 123
1874 202955 31
1875 203068 147
1876 203390 91
1877 203748 114
1878 203785 138
1879 203851 8
1880 204123 84
1881 204348 108
1882 204380 44
1883 204785 27
1884 205109 136
1885 205145 119
1886 205191 178
1887 205260 124
1888 205279 31
1889 205292 18
1890 205311 175
1891 205316 156
1892 205487 16
1893 205508 150
1894 205540 180
1895 205787 57
1896 205789 2
1897 205802 151
1898 205865 77
1899 205914 139
1900 205943 127
1901 205996 3
1902 206046 4
1903 206094 194
1904 206254 76
1905 206423 199
1906 206451 128
1907 206455 19
1908 206664 175
1909 206675 48
1910 206881 124
1911 206917 168
1912 207072 19
1913 207090 27
1914 207162 47
1915 207257 106
1916 207275 173
1917 207312 180
1918 207500 138
1919 207506 65
1920 207519 137
1921 207599 167
1922 207724 122
1923 207773 110
1924 207937 153
1925 208049 2
1926 208114 61
1927 208189 57
1928 208231 191
1929 208287 126
1930 208307 47
1931 208387 113
1932 208718 44
1933 208928 50
1934 208994 17
1935 209043 98
1936 209196 82
1937 209460 72
1938 209523 200
1939 209883 2
1940 210026 91
1941 210227 132
1942 210308 76
1943 210361 134
1944 210859 71
1945 210972 6
1946 211135 147
1947 211207 192
1948 211587 161
1949 211662 74
1950 211692 59
1951 212172 34
1952 212318 186
1953 212379 198
1954 212399 191
1955 212453 89
1956 212973 154
1957 212981 135
1958 213074 160
1959 213122 46
1960 213153 184
1961 213291 2
1962 213310 120
1963 213461 71
1964 213544 138
1965 213632 10
1966 213643 67
1967 213805 40
1968 213868 4
1969 213869 141
1970 213966 188
1971 214042 26
1972 214153 153
1973 214163 122
1974 214166 133
1975 214327 45
1976 214394 170
1977 214434 45
1978 214560 191
1979 214714 122
1980 214752 10
1981 215339 76
1982 215547 77
1983 215575 32
1984 215948 55
1985 216193 26
1986 216307 105
1987 216322 136
1988 216701 116
1989 216776 73
1990 216901 176
1991 216937 115
1992 217089 164
1993 217246 187
1994 217359 25
1995 217475 82
1996 217666 190
1997 217710 62
1998 217769 175
1999 218128 50
2000 218309 16
