5000
1 0 184
2 55 178
3 231 194
4 255 187
5 415 50
6 503 163
7 612 91
8 691 164
9 963 141
10 1101 173
11 1203 12
12 1233 168
13 1412 183
14 1468 63
15 1480 68
16 1507 130
17 1707 23
18 1745 70
19 1826 194
20 2222 12
21 2384 30
22 2545 22
23 2789 185
24 2836 199
25 3112 116
26 3440 14
27 3449 92
28 3568 157
29 3615 63
30 3617 197
31 3624 106
32 4012 85
33 4221 137
34 4306 47
35 4463 114
36 4584 125
37 4588 183
38 4883 15
39 5023 35
40 5170 44
41 5218 88
42 5237 77
43 5470 189
44 5514 4
45 5760 155
46 5887 133
47 5984 77
48 6199 140
49 6482 27
50 6667 95
51 6933 196
52 6959 35
53 7237 68
54 7471 98
55 7533 118
56 7569 53
57 7609 102
58 7637 87
59 7672 66
60 7731 45
61 7992 41
62 8006 32
63 8163 98
64 8463 82
65 8516 110
66 8566 168
67 8595 98
68 8625 187
69 8769 107
70 8942 20
71 9092 129
72 9421 133
73 9502 104
74 9532 71
75 9677 109
76 10053 141
77 10209 197
78 10224 19
79 10232 47
80 10257 122
81 10445 180
82 10599 165
83 10617 42
84 10642 194
85 10656 35
86 10662 125
87 10670 188
88 10952 144
89 10973 28
90 11027 60
91 11215 33
92 11303 38
93 11369 76
94 11380 75
95 11535 59
96 12069 30
97 12300 36
98 12409 19
99 12560 144
100 12845 129
101 13040 177
102 13189 44
103 13641 14
104 13716 7
105 13910 105
106 13918 129
107 13949 170
108 13977 118
109 14018 125
110 14046 71
111 14156 91
112 14271 173
113 14662 45
114 14748 106
115 14761 155
116 14859 70
117 14924 143
118 15130 198
119 15130 156
120 15230 149
121 15259 23
122 15331 100
123 15371 147
124 15393 141
125 15397 112
126 15527 6
127 15638 62
128 15660 79
129 15768 121
130 15811 45
131 15835 123
132 15961 109
133 15993 83
134 16003 125
135 16233 63
136 16243 1
137 16292 53
138 16390 180
139 16427 69
140 16464 174
141 16487 82
142 16487 134
143 16531 61
144 16594 200
145 16870 100
146 17002 160
147 17129 14
148 17292 191
149 17564 127
150 17589 85
151 17676 91
152 17934 177
153 18161 137
154 18255 46
155 18290 180
156 18364 88
157 18571 149
158 18608 60
159 18734 137
160 18750 143
161 18824 7
162 18965 114
163 18992 122
164 19006 20
165 19055 122
166 19350 140
167 19457 141
168 19644 106
169 19688 128
170 19806 185
171 19838 121
172 19846 23
173 19960 197
174 19997 31
175 20007 93
176 20306 73
177 20339 26
178 20496 23
179 20514 41
180 20622 99
181 20647 99
182 20708 125
183 20763 10
184 20806 20
185 20917 133
186 20962 195
187 20978 180
188 20978 74
189 21141 51
190 21154 61
191 21294 180
192 21359 194
193 21494 22
194 21564 105
195 21574 162
196 21627 127
197 21744 145
198 21759 3
199 21765 185
200 21931 43
201 21995 129
202 22092 73
203 22175 159
204 22224 37
205 22465 154
206 22485 104
207 22567 134
208 22666 91
209 22860 168
210 22871 169
211 22891 101
212 22919 189
213 22956 50
214 23187 104
215 23372 164
216 23376 54
217 23541 87
218 23739 153
219 23766 176
220 23870 158
221 23993 37
222 24132 15
223 24188 61
224 24250 29
225 24303 51
226 24321 157
227 24322 195
228 24374 100
229 24521 40
230 24636 29
231 24913 101
232 25095 48
233 25136 160
234 25136 136
235 25340 140
236 25453 16
237 25509 105
238 25648 50
239 25772 86
240 25775 144
241 25902 178
242 26008 39
243 26100 150
244 26100 168
245 26133 93
246 26347 144
247 26392 30
248 26624 83
249 26665 142
250 26687 27
251 26764 62
252 26887 161
253 26910 24
254 27044 82
255 27131 191
256 27427 197
257 27714 78
258 28012 91
259 28100 125
260 28276 15
261 28375 6
262 28964 113
263 29007 101
264 29104 127
265 29260 117
266 29434 179
267 29536 147
268 29556 48
269 29776 52
270 29896 32
271 30000 58
272 30114 113
273 30131 15
274 30134 113
275 30214 13
276 30293 11
277 30367 190
278 30372 156
279 30425 21
280 30491 188
281 30549 139
282 30606 171
283 30745 57
284 30929 7
285 30994 50
286 31580 6
287 31588 18
288 31688 146
289 31715 74
290 31997 74
291 32065 90
292 32274 8
293 32601 158
294 32761 72
295 32845 101
296 32916 19
297 32985 26
298 33361 75
299 33428 158
300 33587 94
301 33619 71
302 33983 18
303 34039 170
304 34127 23
305 34150 174
306 34199 32
307 34472 83
308 34574 93
309 34586 58
310 34610 122
311 34708 175
312 34807 148
313 34897 32
314 34927 138
315 34973 55
316 35256 99
317 35417 82
318 35714 117
319 35779 32
320 35953 197
321 36323 139
322 36361 19
323 36411 171
324 36562 13
325 36597 178
326 36611 137
327 36718 177
328 37002 8
329 37038 58
330 37062 100
331 37083 128
332 37111 37
333 37112 19
334 37126 164
335 37241 45
336 37252 6
337 37260 92
338 37335 156
339 37373 190
340 37640 194
341 37663 6
342 37725 23
343 37878 118
344 38559 94
345 38640 127
346 38759 87
347 38802 144
348 38916 15
349 38921 180
350 39099 163
351 39225 89
352 39266 111
353 39304 95
354 39327 147
355 39333 138
356 39351 154
357 39367 174
358 39373 126
359 39693 111
360 39978 18
361 40010 164
362 40030 91
363 40101 131
364 40387 172
365 40483 34
366 40511 190
367 40621 5
368 40622 6
369 40668 69
370 40749 86
371 40789 196
372 40902 150
373 40936 168
374 40980 164
375 41136 197
376 41262 66
377 41467 37
378 41568 171
379 41689 12
380 41896 133
381 41928 180
382 42007 71
383 42110 173
384 42299 35
385 42445 84
386 42494 199
387 42496 64
388 42569 151
389 42704 174
390 42781 60
391 42789 48
392 42861 83
393 42865 33
394 42895 155
395 42998 99
396 43356 41
397 43375 160
398 43530 63
399 43530 42
400 43676 124
401 43957 73
402 44127 155
403 44138 22
404 44168 166
405 44178 172
406 44213 70
407 44518 102
408 44529 54
409 44734 108
410 44863 129
411 44925 198
412 44968 85
413 44983 135
414 45035 192
415 45153 99
416 45386 53
417 45412 190
418 45494 107
419 45809 17
420 45823 110
421 45902 1
422 45928 110
423 45947 82
424 46009 139
425 46124 27
426 46192 148
427 46358 188
428 46484 133
429 46706 82
430 46711 51
431 46732 191
432 46744 151
433 46843 14
434 46975 95
435 47032 82
436 47126 121
437 47153 183
438 47204 88
439 47215 97
440 47268 5
441 47567 93
442 47762 98
443 47872 135
444 47979 107
445 48074 58
446 48077 196
447 48177 163
448 48194 84
449 48359 155
450 48505 110
451 48625 133
452 48637 22
453 48648 164
454 48682 83
455 48719 86
456 49042 86
457 49119 191
458 49421 115
459 49459 117
460 49572 93
461 49601 129
462 49710 126
463 49894 137
464 49897 19
465 50002 138
466 50165 183
467 50173 111
468 50193 89
469 50242 16
470 50294 38
471 50305 9
472 50528 184
473 50540 58
474 50692 28
475 50742 70
476 50776 52
477 50783 111
478 50845 40
479 50968 89
480 51038 194
481 51065 91
482 51159 200
483 51173 132
484 51244 178
485 51267 58
486 51282 153
487 51304 42
488 51558 169
489 51739 185
490 51866 177
491 51871 67
492 52035 155
493 52252 109
494 52818 79
495 52939 156
496 53132 175
497 53268 1
498 53291 198
499 53309 13
500 53352 183
501 53435 94
502 53547 40
503 53614 22
504 53614 186
505 53637 155
506 53701 163
507 53817 142
508 53864 53
509 53925 63
510 53930 200
511 54112 155
512 54586 16
513 54622 52
514 54670 191
515 54881 92
516 55050 38
517 55066 60
518 55078 72
519 55455 188
520 55678 191
521 55856 171
522 55911 66
523 55994 70
524 56379 162
525 56389 152
526 56394 101
527 56646 39
528 56705 165
529 56732 33
530 56839 105
531 56907 80
532 56974 13
533 57172 170
534 57196 171
535 57318 45
536 57679 50
537 57732 66
538 58025 127
539 58036 184
540 58265 170
541 58544 153
542 58554 194
543 58933 90
544 58933 32
545 58970 65
546 59003 149
547 59007 78
548 59054 34
549 59090 150
550 59213 156
551 59320 69
552 59382 161
553 59990 24
554 60275 172
555 60308 78
556 60345 46
557 60488 162
558 60488 124
559 60730 101
560 60969 76
561 61081 43
562 61366 60
563 61590 90
564 61677 70
565 61871 152
566 61884 184
567 62100 134
568 62168 105
569 62432 182
570 62775 67
571 62797 168
572 62846 193
573 62954 103
574 63059 132
575 63111 175
576 63241 119
577 63356 184
578 63486 88
579 63734 174
580 63857 63
581 63925 134
582 63946 97
583 63990 142
584 64012 127
585 64014 181
586 64073 86
587 64126 106
588 64141 30
589 64158 99
590 64241 163
591 64272 120
592 64357 42
593 64561 11
594 64620 127
595 64691 190
596 64759 109
597 64992 139
598 65026 94
599 65061 111
600 65128 106
601 65225 14
602 65304 39
603 65420 22
604 65881 30
605 65935 181
606 65977 96
607 66125 25
608 66208 155
609 66219 170
610 66262 170
611 66266 174
612 66346 34
613 66407 188
614 66423 95
615 66452 100
616 66452 140
617 66522 143
618 66694 87
619 66714 150
620 66999 187
621 67036 12
622 67059 134
623 67072 123
624 67177 174
625 67301 120
626 67471 155
627 67613 125
628 67727 60
629 67737 19
630 67952 113
631 68004 106
632 68020 134
633 68074 135
634 68512 116
635 68647 88
636 68660 70
637 68678 88
638 68681 38
639 68684 90
640 68755 6
641 68852 105
642 68914 158
643 69007 4
644 69076 93
645 69296 123
646 69765 44
647 69788 162
648 69799 179
649 69805 101
650 69821 83
651 70322 100
652 70483 190
653 70574 154
654 70632 149
655 70697 37
656 70738 108
657 70756 18
658 70803 122
659 70996 81
660 71051 195
661 71068 124
662 71375 134
663 71452 118
664 71737 132
665 71751 110
666 71796 157
667 71839 70
668 71871 196
669 72132 172
670 72205 170
671 72294 2
672 72348 53
673 72435 141
674 72500 144
675 72589 92
676 72596 128
677 72623 79
678 72627 51
679 72632 125
680 72670 14
681 72674 100
682 72710 195
683 72858 116
684 72889 143
685 72914 38
686 72914 199
687 72998 140
688 73070 114
689 73085 129
690 73152 5
691 73313 147
692 73368 139
693 73451 96
694 73590 22
695 73647 27
696 73799 159
697 73913 157
698 74093 46
699 74185 47
700 74188 112
701 74360 4
702 74445 26
703 74506 17
704 74564 175
705 74890 197
706 74922 68
707 74978 14
708 75113 120
709 75123 51
710 75202 33
711 75265 80
712 75580 154
713 75618 96
714 75688 108
715 75867 138
716 75977 177
717 76063 185
718 76349 84
719 76372 93
720 76456 97
721 76482 140
722 76699 136
723 76763 74
724 76849 165
725 77403 52
726 77406 152
727 77448 140
728 77528 166
729 77668 103
730 77738 80
731 77814 148
732 77828 85
733 77864 162
734 77866 132
735 77920 129
736 78027 95
737 78074 144
738 78100 124
739 78106 188
740 78149 44
741 78338 189
742 78409 121
743 78452 99
744 78607 19
745 79143 64
746 79238 96
747 79283 106
748 79368 143
749 79521 99
750 79532 73
751 79546 54
752 79697 198
753 79723 148
754 79756 117
755 79898 113
756 79939 78
757 80261 154
758 80390 133
759 80563 36
760 80606 108
761 80730 50
762 80766 62
763 80869 135
764 80980 126
765 81032 29
766 81109 164
767 81178 116
768 81566 182
769 81592 186
770 81910 101
771 82102 9
772 82175 150
773 82180 80
774 82185 117
775 82293 186
776 82402 166
777 82438 131
778 82480 93
779 82623 30
780 82655 153
781 82786 167
782 82889 196
783 82890 29
784 83094 48
785 83279 27
786 83299 63
787 83304 30
788 83362 101
789 83560 198
790 83876 176
791 84077 145
792 84235 121
793 84307 119
794 84308 195
795 84312 135
796 84354 109
797 84357 63
798 84610 87
799 84688 33
800 84722 8
801 84805 35
802 85183 197
803 85193 185
804 85317 125
805 85521 66
806 85574 117
807 85598 144
808 85778 188
809 85806 3
810 86051 161
811 86061 80
812 86061 142
813 86078 125
814 86097 136
815 86211 163
816 86667 71
817 86885 164
818 87041 12
819 87085 116
820 87318 35
821 87324 91
822 87541 94
823 87600 140
824 87903 95
825 87976 14
826 88248 183
827 88252 76
828 88384 139
829 88574 152
830 88781 12
831 88818 169
832 88933 14
833 89101 100
834 89113 136
835 89320 65
836 89358 147
837 89390 73
838 89409 141
839 89602 24
840 89644 58
841 89938 194
842 90187 82
843 90205 115
844 90224 172
845 90290 197
846 90355 84
847 90560 168
848 90805 1
849 90882 75
850 91033 34
851 91474 58
852 91507 150
853 91532 124
854 91790 93
855 91872 30
856 91918 136
857 91985 141
858 92048 44
859 92249 140
860 92346 26
861 92451 54
862 92455 53
863 92470 158
864 92480 88
865 92768 141
866 93365 27
867 93603 6
868 93620 79
869 93747 170
870 93761 28
871 93795 121
872 93919 22
873 94055 84
874 94100 68
875 94238 183
876 94444 112
877 94805 154
878 94978 9
879 95163 169
880 95309 199
881 95452 169
882 95568 10
883 96076 104
884 96209 55
885 96414 58
886 96661 24
887 96698 197
888 96903 143
889 97030 13
890 97118 56
891 97131 55
892 97277 135
893 97313 82
894 97333 174
895 97392 39
896 97595 14
897 97706 100
898 97862 85
899 97900 62
900 97940 181
901 97976 124
902 98008 1
903 98171 1
904 98266 153
905 98303 105
906 98522 160
907 98605 126
908 98675 118
909 98690 37
910 98966 161
911 99054 15
912 99183 138
913 99215 149
914 99401 21
915 99666 64
916 99794 33
917 99836 5
918 99998 59
919 100002 128
920 100090 169
921 100162 170
922 100305 142
923 100306 175
924 100505 6
925 100713 102
926 100843 190
927 100923 91
928 101021 133
929 101217 100
930 101260 1
931 101342 58
932 101651 149
933 102002 18
934 102313 170
935 102320 170
936 102364 129
937 102633 19
938 102725 186
939 102759 81
940 102767 155
941 102786 108
942 102866 1
943 102884 22
944 102951 189
945 103030 191
946 103174 35
947 103350 126
948 103591 62
949 103644 143
950 103801 192
951 103844 121
952 104535 155
953 104553 143
954 104573 131
955 104962 35
956 105048 109
957 105050 181
958 105233 45
959 105253 146
960 105272 123
961 105277 126
962 105419 136
963 105511 93
964 105613 97
965 105677 131
966 105733 50
967 105801 113
968 105802 190
969 106168 49
970 106173 29
971 106234 158
972 106241 177
973 106357 198
974 106463 140
975 106480 6
976 106557 183
977 106681 124
978 106686 37
979 106893 18
980 106916 154
981 106918 125
982 106925 151
983 107483 111
984 107495 43
985 107527 165
986 107773 42
987 107924 112
988 107938 11
989 108140 191
990 108167 156
991 108249 117
992 108272 182
993 108643 159
994 108708 7
995 108956 102
996 108968 75
997 108998 66
998 109055 167
999 109086 70
1000 109109 135
1001 109233 137
1002 109254 107
1003 109259 98
1004 109452 61
1005 109457 171
1006 109687 187
1007 109855 9
1008 110025 78
1009 110064 137
1010 110155 94
1011 110391 147
1012 110405 168
1013 110611 97
1014 110659 141
1015 110664 96
1016 110763 151
1017 110874 3
1018 110892 31
1019 110901 126
1020 110994 91
1021 110997 162
1022 111135 135
1023 111214 196
1024 111305 136
1025 111454 152
1026 111456 121
1027 111634 101
1028 111786 62
1029 111907 175
1030 112056 115
1031 112174 29
1032 112238 53
1033 112251 26
1034 112702 34
1035 112796 78
1036 112840 150
1037 112840 152
1038 112900 161
1039 112989 200
1040 113034 30
1041 113047 29
1042 113330 200
1043 113406 190
1044 113499 77
1045 113667 167
1046 113902 185
1047 114019 160
1048 114168 177
1049 114445 72
1050 114822 39
1051 114858 85
1052 114869 91
1053 114916 176
1054 115099 182
1055 115178 51
1056 115202 29
1057 115281 65
1058 115370 159
1059 115547 145
1060 115568 170
1061 115633 178
1062 115636 58
1063 115689 143
1064 115915 73
1065 115990 196
1066 116168 66
1067 116184 50
1068 116191 68
1069 116253 159
1070 116308 103
1071 116311 164
1072 116406 39
1073 116548 15
1074 116637 34
1075 116671 31
1076 116683 70
1077 116859 60
1078 117045 96
1079 117310 114
1080 117385 119
1081 117468 30
1082 117491 93
1083 117515 44
1084 117534 8
1085 117550 114
1086 117645 114
1087 117663 97
1088 117802 57
1089 117841 100
1090 117898 70
1091 117899 196
1092 117935 90
1093 118052 170
1094 118052 9
1095 118222 105
1096 118628 96
1097 118801 15
1098 119283 165
1099 119343 52
1100 119452 11
1101 119586 139
1102 119733 194
1103 119783 27
1104 119933 146
1105 120078 195
1106 120107 7
1107 120228 57
1108 120319 196
1109 120423 185
1110 120669 61
1111 120676 83
1112 120815 174
1113 120818 96
1114 121028 106
1115 121240 167
1116 121242 64
1117 121371 191
1118 121431 91
1119 121457 162
1120 121602 94
1121 121644 2
1122 121776 145
1123 121849 52
1124 121891 189
1125 122087 48
1126 122163 76
1127 122172 157
1128 122325 130
1129 122615 43
1130 122707 150
1131 122717 102
1132 122763 65
1133 122810 173
1134 123013 12
1135 123322 143
1136 123401 41
1137 123487 60
1138 123518 59
1139 123589 29
1140 123604 98
1141 123770 95
1142 123795 157
1143 124010 126
1144 124403 54
1145 124494 72
1146 124587 81
1147 124602 120
1148 124664 168
1149 124792 4
1150 124797 130
1151 125007 187
1152 125248 195
1153 125410 59
1154 125471 109
1155 125607 99
1156 125697 114
1157 125721 131
1158 125768 148
1159 125909 59
1160 126115 79
1161 126334 108
1162 126645 54
1163 126690 8
1164 126761 176
1165 126876 103
1166 126992 109
1167 127001 27
1168 127255 87
1169 127381 107
1170 127392 124
1171 127638 152
1172 127876 102
1173 127936 11
1174 127954 193
1175 128044 1
1176 128107 151
1177 128166 182
1178 128225 88
1179 128378 129
1180 128544 152
1181 128603 119
1182 128864 24
1183 129273 115
1184 129320 183
1185 129336 8
1186 129342 130
1187 129355 95
1188 129369 145
1189 129390 79
1190 129518 127
1191 129554 161
1192 129572 187
1193 129649 185
1194 129715 83
1195 129786 40
1196 129905 49
1197 130026 45
1198 130081 56
1199 130133 86
1200 130173 84
1201 130197 47
1202 130284 156
1203 130322 43
1204 130532 151
1205 130875 190
1206 130900 151
1207 131020 57
1208 131322 43
1209 131642 115
1210 131703 59
1211 131811 110
1212 131853 65
1213 131971 82
1214 132286 17
1215 132354 61
1216 132442 164
1217 132544 64
1218 132958 200
1219 133123 171
1220 133175 178
1221 133225 130
1222 133610 13
1223 133946 18
1224 133971 180
1225 134009 180
1226 134051 38
1227 134192 48
1228 134219 196
1229 134266 125
1230 134325 200
1231 134384 112
1232 134455 44
1233 134463 185
1234 134751 33
1235 134787 97
1236 134883 19
1237 135127 42
1238 135255 164
1239 135322 87
1240 135471 95
1241 135554 36
1242 135680 59
1243 135813 138
1244 135924 116
1245 135932 18
1246 136158 199
1247 136161 181
1248 136239 7
1249 136418 36
1250 136755 24
1251 136905 153
1252 137054 110
1253 137064 26
1254 137136 157
1255 137179 72
1256 137220 81
1257 137257 86
1258 137270 190
1259 137527 145
1260 137532 189
1261 137712 171
1262 137781 42
1263 137816 180
1264 138121 19
1265 138180 39
1266 138200 51
1267 138261 85
1268 138438 89
1269 138484 136
1270 138492 125
1271 138570 199
1272 138653 114
1273 138706 48
1274 138880 163
1275 138935 111
1276 138968 58
1277 139130 41
1278 139134 87
1279 139271 100
1280 139285 90
1281 139506 147
1282 139544 185
1283 139568 51
1284 139756 44
1285 139808 69
1286 139834 193
1287 139870 77
1288 139997 54
1289 140052 64
1290 140383 20
1291 140427 70
1292 140969 110
1293 141294 81
1294 141311 33
1295 141311 101
1296 141483 21
1297 141573 14
1298 141593 30
1299 141615 29
1300 141655 51
1301 141891 145
1302 141956 19
1303 141991 5
1304 142185 48
1305 142290 40
1306 142357 194
1307 142945 49
1308 142950 171
1309 143022 51
1310 143123 60
1311 143192 30
1312 143241 149
1313 143313 189
1314 143485 107
1315 143565 155
1316 143592 170
1317 143699 104
1318 143791 71
1319 143970 12
1320 144062 127
1321 144083 41
1322 144133 65
1323 144204 127
1324 144217 17
1325 144320 142
1326 144386 79
1327 144399 60
1328 144411 166
1329 144457 5
1330 144490 168
1331 145166 133
1332 145200 9
1333 145218 77
1334 145298 95
1335 145326 52
1336 145378 43
1337 145391 45
1338 145485 181
1339 145504 94
1340 145593 99
1341 145650 129
1342 145861 110
1343 146050 3
1344 146064 139
1345 146279 50
1346 146282 69
1347 146503 147
1348 146574 121
1349 146589 59
1350 147037 15
1351 147047 140
1352 147207 155
1353 147220 116
1354 147396 58
1355 147399 36
1356 147405 147
1357 147454 84
1358 147828 104
1359 148050 34
1360 148097 149
1361 148166 101
1362 148262 17
1363 148387 150
1364 148435 22
1365 148442 104
1366 148462 22
1367 148595 44
1368 148643 178
1369 148679 63
1370 148689 71
1371 148767 94
1372 148923 62
1373 148929 25
1374 148935 167
1375 149119 160
1376 149234 94
1377 149408 187
1378 149512 58
1379 149551 47
1380 149587 96
1381 149627 18
1382 149706 97
1383 149761 93
1384 149954 124
1385 149956 61
1386 150483 4
1387 150490 164
1388 150546 35
1389 150617 135
1390 150622 150
1391 150849 19
1392 150942 105
1393 151241 105
1394 151257 93
1395 151275 145
1396 151374 5
1397 151609 57
1398 151679 127
1399 152084 128
1400 152417 55
1401 152444 197
1402 152525 46
1403 152655 27
1404 152714 3
1405 152767 33
1406 152835 158
1407 152854 147
1408 153141 161
1409 153168 128
1410 153212 154
1411 153287 41
1412 153486 185
1413 153489 11
1414 153605 149
1415 153708 114
1416 153708 78
1417 153795 164
1418 153809 125
1419 153874 155
1420 153933 55
1421 153933 79
1422 153943 143
1423 154217 178
1424 154251 28
1425 154261 155
1426 154340 176
1427 154422 91
1428 154782 195
1429 154901 24
1430 154994 191
1431 155021 97
1432 155032 150
1433 155043 94
1434 155044 155
1435 155203 152
1436 155256 188
1437 155297 125
1438 155605 160
1439 155681 184
1440 155731 7
1441 155912 168
1442 155933 37
1443 155962 47
1444 156212 110
1445 156365 126
1446 156385 158
1447 156389 71
1448 156539 186
1449 156614 84
1450 156745 165
1451 156768 53
1452 156771 169
1453 156862 33
1454 157009 31
1455 157030 67
1456 157147 105
1457 157670 172
1458 157712 195
1459 158089 76
1460 158103 39
1461 158231 108
1462 158361 174
1463 158452 158
1464 158682 94
1465 158706 51
1466 158748 179
1467 158865 161
1468 159117 32
1469 159159 27
1470 159196 112
1471 159346 99
1472 159419 78
1473 159582 61
1474 159944 191
1475 159947 80
1476 160015 88
1477 160067 80
1478 160132 164
1479 160231 125
1480 160231 29
1481 160484 67
1482 160507 30
1483 160629 59
1484 160794 172
1485 160936 74
1486 161010 130
1487 161010 4
1488 161035 146
1489 161206 183
1490 161287 104
1491 161319 69
1492 161403 48
1493 161419 156
1494 161513 137
1495 161554 172
1496 161638 159
1497 161890 77
1498 162052 18
1499 162237 200
1500 162328 171
1501 162432 128
1502 162433 197
1503 162437 11
1504 162493 99
1505 162547 183
1506 162661 54
1507 162926 48
1508 162963 55
1509 162983 15
1510 163154 187
1511 163218 61
1512 163351 129
1513 163356 84
1514 163625 23
1515 163627 38
1516 163684 108
1517 163768 197
1518 163801 48
1519 163914 150
1520 163971 151
1521 164068 3
1522 164195 39
1523 164225 56
1524 164313 6
1525 164511 36
1526 164766 112
1527 164886 89
1528 164992 184
1529 165000 137
1530 165095 159
1531 165096 103
1532 165244 92
1533 165302 121
1534 165317 9
1535 165436 189
1536 165446 58
1537 165543 162
1538 165696 41
1539 165846 141
1540 165876 142
1541 165989 142
1542 166203 24
1543 166356 45
1544 166358 153
1545 166359 117
1546 166653 60
1547 166751 128
1548 166845 173
1549 166967 41
1550 166973 175
1551 167003 139
1552 167100 172
1553 167375 80
1554 167493 20
1555 167605 162
1556 167635 147
1557 167640 118
1558 167738 84
1559 167833 129
1560 167942 96
1561 167968 51
1562 168073 167
1563 168102 57
1564 168282 130
1565 168534 119
1566 168564 30
1567 168564 88
1568 168945 108
1569 168964 116
1570 169060 138
1571 169143 191
1572 169153 83
1573 169446 6
1574 169499 23
1575 169536 58
1576 169547 82
1577 169642 24
1578 169682 37
1579 169950 90
1580 170090 128
1581 170499 174
1582 170830 16
1583 171000 109
1584 171254 131
1585 171341 105
1586 171495 157
1587 171536 56
1588 171656 107
1589 171737 109
1590 171892 98
1591 171900 198
1592 171941 73
1593 172035 130
1594 172104 4
1595 172253 132
1596 172292 178
1597 172310 192
1598 172441 70
1599 172461 171
1600 172704 29
1601 172713 124
1602 172892 73
1603 172965 176
1604 173079 95
1605 173160 60
1606 173350 50
1607 173383 74
1608 173414 182
1609 173573 136
1610 173617 173
1611 173877 21
1612 173905 75
1613 174145 46
1614 174963 16
1615 175044 48
1616 175211 194
1617 175295 181
1618 175296 5
1619 175302 197
1620 175306 192
1621 175313 90
1622 175333 18
1623 176169 68
1624 176189 117
1625 176204 88
1626 176239 173
1627 176255 142
1628 176266 24
1629 176326 143
1630 176335 106
1631 176814 83
1632 176903 64
1633 176969 68
1634 177056 122
1635 177084 166
1636 177094 25
1637 177158 59
1638 177263 121
1639 177386 192
1640 177412 80
1641 177449 29
1642 177653 91
1643 178124 98
1644 178189 60
1645 178193 153
1646 178241 133
1647 178296 167
1648 178383 1
1649 178455 15
1650 178504 2
1651 178631 139
1652 178631 138
1653 178765 19
1654 178859 74
1655 178916 46
1656 178938 194
1657 178972 108
1658 178985 147
1659 179386 150
1660 179507 149
1661 179517 74
1662 179521 40
1663 179841 77
1664 179887 178
1665 180015 65
1666 180031 23
1667 180048 109
1668 180125 152
1669 180282 170
1670 180311 41
1671 180534 82
1672 180749 193
1673 180815 70
1674 180871 147
1675 180955 97
1676 181019 24
1677 181030 176
1678 181044 162
1679 181052 6
1680 181122 96
1681 181142 70
1682 181158 177
1683 181314 30
1684 181334 56
1685 181477 58
1686 181604 167
1687 181800 82
1688 181947 80
1689 182028 50
1690 182167 25
1691 182192 73
1692 182320 117
1693 182433 62
1694 182480 52
1695 182515 17
1696 182587 41
1697 182650 169
1698 182807 167
1699 182840 97
1700 182978 149
1701 183024 70
1702 183121 197
1703 183452 178
1704 183520 6
1705 183588 54
1706 183671 173
1707 183717 30
1708 184119 173
1709 184122 119
1710 184255 62
1711 184272 27
1712 184424 124
1713 184603 71
1714 184768 97
1715 184832 63
1716 184839 25
1717 185092 64
1718 185456 36
1719 185881 48
1720 185923 19
1721 186026 23
1722 186039 26
1723 186047 184
1724 186352 48
1725 186409 79
1726 186467 188
1727 186658 163
1728 186674 52
1729 186798 152
1730 186929 103
1731 186987 144
1732 187249 51
1733 187307 99
1734 187326 151
1735 187365 30
1736 187561 199
1737 187606 113
1738 187823 9
1739 187826 79
1740 187906 150
1741 187969 164
1742 188625 165
1743 188636 152
1744 188880 110
1745 188885 115
1746 189135 21
1747 189182 91
1748 189343 169
1749 189467 108
1750 189484 40
1751 189543 41
1752 189781 94
1753 190070 118
1754 190090 152
1755 190177 109
1756 190234 56
1757 190341 142
1758 190373 102
1759 190457 140
1760 190533 147
1761 190678 127
1762 190682 17
1763 190706 190
1764 190907 111
1765 191057 56
1766 191269 91
1767 191656 43
1768 191929 104
1769 192002 189
1770 192218 12
1771 192382 12
1772 192384 72
1773 192505 192
1774 192519 197
1775 192579 88
1776 192751 137
1777 192753 63
1778 192783 135
1779 192897 90
1780 192908 5
1781 192915 98
1782 193003 97
1783 193133 30
1784 193439 157
1785 193528 159
1786 193555 66
1787 193562 187
1788 193705 75
1789 193787 62
1790 194100 109
1791 194170 167
1792 194182 67
1793 194274 150
1794 194411 136
1795 194472 198
1796 194574 135
1797 194733 187
1798 194817 91
1799 194925 183
1800 195039 186
1801 195074 15
1802 195152 15
1803 195165 141
1804 195173 131
1805 195183 65
1806 195282 55
1807 195435 187
1808 195441 163
1809 195446 73
1810 195530 126
1811 195625 190
1812 196045 21
1813 196083 43
1814 196263 193
1815 196792 110
1816 196804 70
1817 196846 181
1818 196949 28
1819 197165 125
1820 197174 75
1821 197308 100
1822 197387 171
1823 197439 153
1824 197604 126
1825 197649 183
1826 197915 199
1827 197980 64
1828 198013 148
1829 198070 33
1830 198193 35
1831 198274 22
1832 198394 17
1833 198450 139
1834 198486 27
1835 198835 106
1836 198861 4
1837 198865 133
1838 198879 196
1839 198918 59
1840 199128 13
1841 199153 124
1842 199243 165
1843 199359 133
1844 199416 149
1845 199665 108
1846 199731 59
1847 199952 38
1848 199986 34
1849 200040 24
1850 200123 191
1851 200400 112
1852 200401 86
1853 200471 73
1854 200524 32
1855 200527 106
1856 200586 76
1857 201303 159
1858 201553 120
1859 201731 55
1860 201866 161
1861 201920 2
1862 201934 42
1863 201970 198
1864 202051 14
1865 202362 87
1866 202364 102
1867 202541 103
1868 202730 146
1869 202750 124
1870 202755 57
1871 202818 126
1872 202881 9
1873 202945 123
1874 202955 31
1875 203068 147
1876 203390 91
1877 203748 114
1878 203785 138
1879 203851 8
1880 204123 84
1881 204348 108
1882 204380 44
1883 204785 27
1884 205109 136
1885 205145 119
1886 205191 178
1887 205260 124
1888 205279 31
1889 205292 18
1890 205311 175
1891 205316 156
1892 205487 16
1893 205508 150
1894 205540 180
1895 205787 57
1896 205789 2
1897 205802 151
1898 205865 77
1899 205914 139
1900 205943 127
1901 205996 3
1902 206046 4
1903 206094 194
1904 206254 76
1905 206423 199
1906 206451 128
1907 206455 19
1908 206664 175
1909 206675 48
1910 206881 124
1911 206917 168
1912 207072 19
1913 207090 27
1914 207162 47
1915 207257 106
1916 207275 173
1917 207312 180
1918 207500 138
1919 207506 65
1920 207519 137
1921 207599 167
1922 207724 122
1923 207773 110
1924 207937 153
1925 208049 2
1926 208114 61
1927 208189 57
1928 208231 191
1929 208287 126
1930 208307 47
1931 208387 113
1932 208718 44
1933 208928 50
1934 208994 17
1935 209043 98
1936 209196 82
1937 209460 72
1938 209523 200
1939 209883 2
1940 210026 91
1941 210227 132
1942 210308 76
1943 210361 134
1944 210859 71
1945 210972 6
1946 211135 147
1947 211207 192
1948 211587 161
1949 211662 74
1950 211692 59
1951 212172 34
1952 212318 186
1953 212379 198
1954 212399 191
1955 212453 89
1956 212973 154
1957 212981 135
1958 213074 160
1959 213122 46
1960 213153 184
1961 213291 2
1962 213310 120
1963 213461 71
1964 213544 138
1965 213632 10
1966 213643 67
1967 213805 40
1968 213868 4
1969 213869 141
1970 213966 188
1971 214042 26
1972 214153 153
1973 214163 122
1974 214166 133
1975 214327 45
1976 214394 170
1977 214434 45
1978 214560 191
1979 214714 122
1980 214752 10
1981 215339 76
1982 215547 77
1983 215575 32
1984 215948 55
1985 216193 26
1986 216307 105
1987 216322 136
1988 216701 116
1989 216776 73
1990 216901 176
1991 216937 115
1992 217089 164
1993 217246 187
1994 217359 25
1995 217475 82
1996 217666 190
1997 217710 62
1998 217769 175
1999 218128 50
2000 218309 16
2001 218612 23
2002 218643 31
2003 218792 82
2004 218830 167
2005 218857 193
2006 218933 71
2007 218946 39
2008 218957 17
2009 219084 140
2010 219139 84
2011 219264 178
2012 219761 33
2013 220005 43
2014 220101 83
2015 220271 187
2016 220406 119
2017 220612 123
2018 220786 119
2019 220807 46
2020 220999 109
2021 221007 179
2022 221258 48
2023 221353 165
2024 221360 194
2025 221506 8
2026 221609 180
2027 221734 102
2028 221796 176
2029 221796 170
2030 221857 187
2031 221914 13
2032 221993 118
2033 222003 158
2034 222206 42
2035 222262 73
2036 222380 193
2037 223046 81
2038 223166 19
2039 223254 56
2040 223460 5
2041 223484 41
2042 223617 1
2043 223623 148
2044 223688 189
2045 223705 138
2046 223912 74
2047 223913 184
2048 224094 188
2049 224217 178
2050 224267 97
2051 224309 131
2052 224397 4
2053 224494 81
2054 224742 160
2055 225082 186
2056 225143 104
2057 225167 101
2058 225170 71
2059 225204 183
2060 225244 165
2061 225292 186
2062 225684 174
2063 225764 180
2064 225833 62
2065 225895 190
2066 225930 111
2067 226147 47
2068 226154 83
2069 226159 89
2070 226256 167
2071 226390 158
2072 226408 4
2073 226425 125
2074 226443 106
2075 226562 85
2076 226755 132
2077 226861 60
2078 226913 190
2079 227008 66
2080 227053 52
2081 227179 9
2082 227336 79
2083 227399 29
2084 227945 86
2085 228118 155
2086 228192 46
2087 228291 122
2088 228348 170
2089 228543 27
2090 228561 105
2091 228563 96
2092 228642 132
2093 228807 141
2094 228978 50
2095 229127 124
2096 229177 117
2097 229325 15
2098 229713 91
2099 230063 108
2100 230184 63
2101 230270 180
2102 230301 78
2103 230483 61
2104 230714 98
2105 230740 25
2106 230755 101
2107 230755 190
2108 230997 179
2109 231082 105
2110 231099 192
2111 231280 80
2112 231416 112
2113 231529 55
2114 231672 89
2115 231786 130
2116 231833 80
2117 231923 164
2118 231966 161
2119 231999 155
2120 232000 15
2121 232029 165
2122 232169 51
2123 232341 99
2124 232344 188
2125 232381 160
2126 232487 134
2127 232615 38
2128 232729 85
2129 232730 200
2130 233027 159
2131 233189 29
2132 233395 190
2133 233639 147
2134 233771 119
2135 233824 160
2136 233934 80
2137 234144 200
2138 234364 30
2139 234736 110
2140 235155 4
2141 235163 147
2142 235211 59
2143 235498 134
2144 235509 28
2145 235560 21
2146 235659 14
2147 235700 128
2148 235771 192
2149 235876 104
2150 235925 126
2151 236164 43
2152 236270 139
2153 236316 86
2154 236369 43
2155 236422 88
2156 236515 167
2157 236866 182
2158 236893 170
2159 237185 73
2160 237376 200
2161 237423 39
2162 237489 141
2163 237707 15
2164 237933 191
2165 237945 193
2166 238017 134
2167 238045 73
2168 238191 180
2169 238288 96
2170 238528 105
2171 238600 19
2172 238661 169
2173 238714 200
2174 238757 20
2175 239153 190
2176 239260 116
2177 239353 184
2178 239830 145
2179 239830 139
2180 240100 20
2181 240110 3
2182 240123 70
2183 240198 129
2184 240445 184
2185 240835 23
2186 240841 158
2187 240871 63
2188 241119 146
2189 241135 167
2190 241455 38
2191 241506 135
2192 241569 184
2193 241682 161
2194 241734 68
2195 241770 167
2196 241931 134
2197 242060 192
2198 242191 195
2199 242337 5
2200 242372 47
2201 242423 18
2202 242442 172
2203 242633 34
2204 242664 94
2205 242700 185
2206 242709 156
2207 242866 35
2208 242967 189
2209 243286 172
2210 243292 198
2211 243327 95
2212 243429 59
2213 243566 86
2214 243584 61
2215 243836 183
2216 243854 21
2217 244014 14
2218 244259 32
2219 244310 13
2220 244400 47
2221 244444 159
2222 244484 68
2223 244503 45
2224 244578 92
2225 244822 64
2226 244867 10
2227 244920 20
2228 244935 99
2229 244966 24
2230 245053 99
2231 245194 17
2232 245255 159
2233 245257 62
2234 245266 29
2235 245333 19
2236 245338 71
2237 245374 181
2238 245606 74
2239 245640 146
2240 245728 97
2241 246022 54
2242 246065 71
2243 246265 125
2244 246323 34
2245 246475 128
2246 246505 106
2247 246625 50
2248 246991 79
2249 247452 158
2250 247461 137
2251 247588 86
2252 247616 104
2253 247689 48
2254 247748 42
2255 247821 95
2256 248084 155
2257 248302 195
2258 248447 77
2259 248577 146
2260 248748 19
2261 248760 193
2262 249035 122
2263 249166 140
2264 249234 104
2265 249524 10
2266 249538 24
2267 249660 150
2268 249756 112
2269 249824 160
2270 250087 191
2271 250473 43
2272 250523 106
2273 250528 73
2274 250611 108
2275 250642 195
2276 250665 44
2277 250712 154
2278 250727 180
2279 251238 68
2280 251383 141
2281 251399 75
2282 251483 124
2283 251509 146
2284 251882 173
2285 251896 140
2286 252004 111
2287 252133 11
2288 252414 124
2289 252425 101
2290 252499 54
2291 252664 61
2292 252798 33
2293 252968 13
2294 252990 58
2295 253052 95
2296 253183 60
2297 253345 17
2298 253397 96
2299 253444 122
2300 253562 67
2301 253589 87
2302 253679 147
2303 253715 145
2304 253833 85
2305 254138 157
2306 254280 92
2307 254473 186
2308 254680 182
2309 254714 88
2310 254768 181
2311 255090 92
2312 255125 54
2313 255167 127
2314 255300 69
2315 256063 74
2316 256079 12
2317 256194 65
2318 256209 9
2319 256230 132
2320 256271 158
2321 256582 134
2322 256780 56
2323 256850 126
2324 256903 68
2325 257041 179
2326 257105 147
2327 257325 192
2328 257377 129
2329 257428 5
2330 257640 69
2331 257704 85
2332 257802 190
2333 257931 190
2334 257933 61
2335 258013 195
2336 258556 113
2337 258607 20
2338 258635 47
2339 258713 109
2340 258810 61
2341 258864 18
2342 259106 61
2343 259260 111
2344 259323 30
2345 259370 139
2346 259446 193
2347 259483 129
2348 259727 75
2349 259914 131
2350 260125 144
2351 260157 57
2352 260332 5
2353 260455 128
2354 260526 76
2355 260637 20
2356 260695 28
2357 260706 95
2358 260741 45
2359 260834 77
2360 261281 120
2361 261281 123
2362 261423 141
2363 261517 197
2364 261552 122
2365 261635 6
2366 261778 156
2367 262172 72
2368 262231 42
2369 262319 114
2370 262515 188
2371 262861 5
2372 262887 122
2373 262974 102
2374 263241 56
2375 263266 192
2376 263271 97
2377 263323 190
2378 263401 117
2379 263455 4
2380 263501 17
2381 263766 6
2382 263903 23
2383 264004 187
2384 264086 29
2385 264088 84
2386 264134 184
2387 264237 30
2388 264240 140
2389 264245 23
2390 264281 13
2391 264484 122
2392 264555 183
2393 264567 147
2394 264588 1
2395 264751 41
2396 264812 63
2397 264911 44
2398 265003 76
2399 265037 4
2400 265084 81
2401 265151 119
2402 265185 127
2403 265216 73
2404 265243 182
2405 265274 61
2406 265363 164
2407 265561 56
2408 265602 44
2409 265604 197
2410 265668 55
2411 265669 164
2412 265741 36
2413 265741 57
2414 265918 188
2415 265935 166
2416 266027 147
2417 266228 84
2418 266350 135
2419 266366 139
2420 266419 154
2421 266474 110
2422 266548 84
2423 266974 62
2424 266995 70
2425 267034 75
2426 267211 200
2427 267283 145
2428 267553 149
2429 267597 97
2430 267759 61
2431 267978 156
2432 267987 97
2433 268008 32
2434 268179 98
2435 268292 98
2436 268429 24
2437 268443 119
2438 268478 76
2439 268479 185
2440 268490 142
2441 268497 70
2442 268603 1
2443 268625 127
2444 268630 167
2445 268661 36
2446 269182 188
2447 269200 138
2448 269386 133
2449 269575 66
2450 269691 42
2451 269858 32
2452 269936 123
2453 270029 171
2454 270029 82
2455 270058 95
2456 270307 118
2457 270307 116
2458 270519 82
2459 270524 18
2460 270659 169
2461 270797 27
2462 270855 148
2463 271016 192
2464 271041 85
2465 271241 62
2466 271247 172
2467 271275 143
2468 271356 195
2469 271403 196
2470 271456 173
2471 271564 3
2472 271803 6
2473 271978 160
2474 272170 111
2475 272282 86
2476 272299 86
2477 272328 187
2478 272356 181
2479 272529 18
2480 272627 186
2481 272664 143
2482 272696 76
2483 272722 155
2484 272763 103
2485 272802 50
2486 272819 192
2487 273247 68
2488 273338 121
2489 273501 187
2490 273608 108
2491 273892 14
2492 274055 88
2493 274099 130
2494 274118 81
2495 274180 133
2496 274338 178
2497 274394 128
2498 274424 64
2499 274596 27
2500 274617 136
2501 274649 144
2502 274651 32
2503 274699 27
2504 274700 190
2505 275113 88
2506 275199 36
2507 275256 42
2508 275262 5
2509 275304 143
2510 275530 118
2511 275936 103
2512 276007 54
2513 276122 51
2514 276691 64
2515 276725 187
2516 276809 58
2517 276883 77
2518 277040 141
2519 277057 193
2520 277476 19
2521 277533 179
2522 277535 85
2523 277737 81
2524 277826 143
2525 277865 77
2526 278132 50
2527 278139 58
2528 278256 161
2529 278268 172
2530 278287 89
2531 278477 174
2532 278734 39
2533 278766 187
2534 278785 56
2535 278848 14
2536 278929 163
2537 279049 80
2538 279167 164
2539 279275 191
2540 279396 183
2541 279511 117
2542 279536 198
2543 279914 87
2544 279976 185
2545 280056 86
2546 280121 119
2547 280158 171
2548 280276 13
2549 280277 89
2550 280595 40
2551 280980 94
2552 281019 45
2553 281020 152
2554 281037 85
2555 281058 65
2556 281150 160
2557 281204 3
2558 281290 58
2559 281404 20
2560 281466 3
2561 281558 116
2562 281636 68
2563 281665 31
2564 281721 147
2565 282301 53
2566 282435 172
2567 282620 91
2568 282721 71
2569 283104 128
2570 283172 87
2571 283261 77
2572 283688 77
2573 283871 107
2574 283911 73
2575 283987 128
2576 284094 87
2577 284201 148
2578 284491 33
2579 284530 138
2580 284542 48
2581 284667 116
2582 284700 88
2583 284887 139
2584 284929 199
2585 285032 16
2586 285337 113
2587 285522 82
2588 285535 123
2589 285599 27
2590 285608 18
2591 285628 22
2592 285629 101
2593 285831 10
2594 285946 99
2595 285981 15
2596 286044 89
2597 286136 117
2598 286201 39
2599 286292 37
2600 286313 176
2601 286401 25
2602 286446 47
2603 286449 29
2604 287020 198
2605 287259 68
2606 287317 112
2607 287487 23
2608 287696 10
2609 287746 48
2610 287908 83
2611 287940 5
2612 288039 95
2613 288306 2
2614 288331 79
2615 288515 73
2616 288630 193
2617 288705 142
2618 288850 155
2619 288915 160
2620 289495 128
2621 289676 71
2622 289731 68
2623 289928 3
2624 289955 29
2625 290105 136
2626 290306 16
2627 290331 185
2628 290523 165
2629 290594 147
2630 290693 175
2631 290752 49
2632 290870 116
2633 290899 158
2634 290962 63
2635 290976 125
2636 290978 96
2637 291180 181
2638 291262 41
2639 291380 144
2640 291608 184
2641 291758 132
2642 291816 124
2643 291833 61
2644 291841 54
2645 291875 83
2646 292156 25
2647 292421 147
2648 292523 25
2649 292935 65
2650 293130 124
2651 293201 29
2652 293204 137
2653 293238 87
2654 293785 143
2655 293825 197
2656 293869 165
2657 293965 77
2658 293965 148
2659 294399 80
2660 294448 95
2661 294595 132
2662 294912 45
2663 295135 163
2664 295309 133
2665 295408 109
2666 295726 169
2667 295797 28
2668 295851 50
2669 295934 33
2670 296056 47
2671 296087 174
2672 296328 61
2673 296481 51
2674 296573 139
2675 296938 112
2676 297400 44
2677 297426 105
2678 297473 25
2679 297544 61
2680 297838 198
2681 297999 165
2682 298016 10
2683 298225 70
2684 298769 161
2685 299042 154
2686 299069 35
2687 299191 123
2688 299191 130
2689 299191 6
2690 299209 55
2691 299285 5
2692 299405 63
2693 299413 41
2694 299591 80
2695 299610 196
2696 299717 70
2697 299820 43
2698 299841 8
2699 299880 41
2700 300084 118
2701 300285 79
2702 300338 74
2703 300359 198
2704 300660 126
2705 301003 174
2706 301019 23
2707 301048 181
2708 301068 39
2709 301258 124
2710 301468 122
2711 301603 147
2712 301877 134
2713 301907 126
2714 302073 4
2715 302108 61
2716 302266 113
2717 302394 24
2718 302501 140
2719 302585 140
2720 302589 175
2721 302704 148
2722 303029 91
2723 303492 186
2724 303514 100
2725 303525 151
2726 303698 131
2727 303777 69
2728 303791 37
2729 303973 157
2730 304012 112
2731 304094 65
2732 304117 59
2733 304143 9
2734 304152 109
2735 304203 166
2736 304233 165
2737 304272 184
2738 304534 192
2739 304575 88
2740 304585 29
2741 304600 17
2742 304626 135
2743 304726 127
2744 304782 182
2745 304811 116
2746 304885 3
2747 305046 117
2748 305498 68
2749 305574 163
2750 305720 177
2751 305742 164
2752 306000 41
2753 306021 148
2754 306183 68
2755 306443 75
2756 306693 25
2757 306847 159
2758 306973 31
2759 307037 35
2760 307193 119
2761 307363 58
2762 307428 81
2763 307726 85
2764 307812 3
2765 307888 181
2766 307929 175
2767 307962 24
2768 307983 194
2769 307986 198
2770 308272 158
2771 308456 109
2772 308856 19
2773 309155 93
2774 309430 103
2775 309578 14
2776 309585 28
2777 309873 45
2778 309882 196
2779 310213 161
2780 310251 128
2781 310515 82
2782 310531 188
2783 310725 20
2784 310828 28
2785 310860 194
2786 311034 145
2787 311082 70
2788 311194 72
2789 311255 165
2790 311378 193
2791 311407 146
2792 311537 152
2793 311569 81
2794 311571 22
2795 311629 49
2796 311746 85
2797 312042 2
2798 312116 187
2799 312128 4
2800 312234 142
2801 312344 54
2802 312407 50
2803 312429 1
2804 312466 189
2805 312577 46
2806 312743 94
2807 312874 154
2808 312877 84
2809 312909 96
2810 312927 178
2811 312979 6
2812 313427 26
2813 313530 85
2814 313538 132
2815 313631 129
2816 313640 37
2817 313653 111
2818 313677 8
2819 313777 111
2820 314044 28
2821 314109 130
2822 314121 3
2823 314140 70
2824 314151 20
2825 314175 95
2826 314184 108
2827 314191 162
2828 314433 12
2829 314518 96
2830 314573 85
2831 314690 120
2832 314732 109
2833 315377 159
2834 315384 92
2835 315384 65
2836 315578 128
2837 315700 192
2838 315800 180
2839 315808 168
2840 315840 177
2841 316170 99
2842 316376 66
2843 316433 169
2844 316564 105
2845 316696 124
2846 316702 144
2847 316794 62
2848 316808 24
2849 317058 72
2850 317077 40
2851 317098 186
2852 317147 33
2853 317430 49
2854 317557 141
2855 317673 114
2856 317707 181
2857 317743 104
2858 317850 23
2859 318059 75
2860 318167 40
2861 318225 20
2862 318486 40
2863 318492 138
2864 318579 52
2865 318607 82
2866 318826 97
2867 318958 113
2868 318989 99
2869 319011 45
2870 319117 80
2871 319347 59
2872 319411 26
2873 319411 11
2874 319613 186
2875 319667 79
2876 319723 83
2877 319741 111
2878 319910 82
2879 319956 41
2880 319976 57
2881 319980 79
2882 320385 92
2883 320418 187
2884 320468 104
2885 320487 132
2886 320523 45
2887 320753 148
2888 320776 55
2889 320948 71
2890 321092 194
2891 321169 120
2892 321627 199
2893 321692 102
2894 321918 78
2895 321930 117
2896 321979 167
2897 321988 191
2898 322232 186
2899 322323 151
2900 322492 160
2901 322523 177
2902 322681 127
2903 322854 74
2904 322854 33
2905 323411 125
2906 323570 45
2907 323795 54
2908 323813 26
2909 323893 26
2910 323905 200
2911 323913 140
2912 324076 137
2913 324257 175
2914 324332 59
2915 324617 163
2916 324628 110
2917 324675 174
2918 324714 14
2919 324900 168
2920 325043 95
2921 325047 24
2922 325087 88
2923 325117 85
2924 325145 135
2925 325219 119
2926 325273 52
2927 325453 3
2928 325592 140
2929 325788 61
2930 326241 53
2931 326316 120
2932 326610 162
2933 326914 149
2934 327425 44
2935 327508 173
2936 327599 160
2937 327625 180
2938 327697 176
2939 327741 63
2940 327769 125
2941 327773 147
2942 327827 190
2943 327995 67
2944 328063 77
2945 328106 32
2946 328157 151
2947 328238 194
2948 328360 196
2949 328443 191
2950 328469 10
2951 328521 80
2952 328632 63
2953 328746 119
2954 328751 26
2955 328942 52
2956 329125 113
2957 329372 182
2958 329510 99
2959 329551 87
2960 329589 175
2961 329696 8
2962 329764 21
2963 330148 93
2964 330250 95
2965 330425 6
2966 330517 150
2967 330617 24
2968 330778 199
2969 330821 3
2970 330849 74
2971 330860 29
2972 330861 4
2973 330891 192
2974 331013 58
2975 331279 182
2976 331303 148
2977 331412 61
2978 331537 94
2979 331715 135
2980 331727 187
2981 331739 44
2982 331903 128
2983 332138 101
2984 332484 161
2985 332534 53
2986 332582 60
2987 332610 172
2988 332678 91
2989 332690 22
2990 332694 145
2991 332705 83
2992 332793 95
2993 333051 11
2994 333095 47
2995 333175 81
2996 333215 36
2997 333228 74
2998 333273 143
2999 333382 192
3000 333406 28
3001 333479 90
3002 333547 124
3003 333846 54
3004 333869 128
3005 333875 65
3006 333882 181
3007 333951 163
3008 334196 42
3009 334402 168
3010 334411 69
3011 334531 26
3012 335239 123
3013 335308 170
3014 335471 24
3015 335582 73
3016 335592 156
3017 335676 41
3018 335876 126
3019 335949 197
3020 336027 73
3021 336060 124
3022 336195 8
3023 336217 81
3024 336228 162
3025 336419 42
3026 336475 47
3027 336566 85
3028 336600 117
3029 336748 90
3030 336763 166
3031 336764 142
3032 336839 27
3033 337007 152
3034 337009 180
3035 337059 157
3036 337246 8
3037 337258 58
3038 337306 70
3039 337320 169
3040 337364 137
3041 337473 61
3042 337536 28
3043 337552 55
3044 337580 151
3045 337731 83
3046 337763 58
3047 337858 189
3048 337899 157
3049 337909 141
3050 338020 39
3051 338241 141
3052 338250 129
3053 338669 166
3054 338703 39
3055 338945 182
3056 338950 95
3057 338994 61
3058 339132 91
3059 339156 65
3060 339202 11
3061 339241 62
3062 339375 122
3063 339422 9
3064 339453 94
3065 339501 166
3066 339746 197
3067 339790 130
3068 339813 7
3069 339871 28
3070 339929 132
3071 339935 171
3072 340124 154
3073 340467 99
3074 340679 50
3075 340751 190
3076 340761 13
3077 340935 32
3078 341054 4
3079 341242 116
3080 341338 140
3081 341510 181
3082 341565 43
3083 341631 14
3084 341694 109
3085 341699 94
3086 341718 153
3087 341760 18
3088 341834 199
3089 341915 102
3090 341976 135
3091 342063 59
3092 342233 93
3093 342275 185
3094 342348 34
3095 342397 145
3096 342439 36
3097 342526 110
3098 342561 187
3099 342600 127
3100 342817 67
3101 342909 190
3102 342976 187
3103 342977 124
3104 342996 27
3105 343035 184
3106 343121 68
3107 343134 59
3108 343157 37
3109 343324 9
3110 343420 46
3111 343573 43
3112 343611 30
3113 343716 159
3114 343754 178
3115 343790 166
3116 343824 8
3117 343846 14
3118 343996 114
3119 344123 83
3120 344270 67
3121 344346 52
3122 344544 13
3123 344648 150
3124 344654 105
3125 344789 70
3126 344874 63
3127 344960 31
3128 345116 120
3129 345172 11
3130 345180 178
3131 345207 45
3132 345293 130
3133 345302 36
3134 345404 100
3135 345428 134
3136 345582 88
3137 345689 155
3138 345731 47
3139 345836 52
3140 345946 14
3141 345948 52
3142 346118 138
3143 346118 119
3144 346258 176
3145 346360 106
3146 346370 104
3147 346387 42
3148 346415 113
3149 346697 28
3150 347319 99
3151 347340 81
3152 347528 98
3153 347573 190
3154 347577 91
3155 347657 46
3156 347693 114
3157 347901 84
3158 347912 132
3159 348018 60
3160 348051 83
3161 348157 163
3162 348162 19
3163 348701 124
3164 349355 33
3165 349368 94
3166 349372 16
3167 349521 69
3168 349532 65
3169 350134 161
3170 350138 50
3171 350325 163
3172 350330 56
3173 350386 118
3174 350467 1
3175 350849 197
3176 350880 46
3177 350896 21
3178 350944 67
3179 351038 99
3180 351043 47
3181 351089 134
3182 351583 22
3183 351895 79
3184 351916 11
3185 351944 192
3186 352009 198
3187 352096 128
3188 352233 1
3189 352348 143
3190 352730 174
3191 352732 35
3192 352757 1
3193 352836 186
3194 352874 151
3195 353144 119
3196 353312 180
3197 353373 11
3198 353420 6
3199 353636 86
3200 353676 80
3201 353826 180
3202 353842 183
3203 353874 129
3204 353904 104
3205 353914 87
3206 353995 113
3207 354056 199
3208 354090 177
3209 354127 181
3210 354130 172
3211 354387 76
3212 354455 102
3213 354552 151
3214 354683 78
3215 354729 27
3216 354813 16
3217 354970 34
3218 355023 17
3219 355105 133
3220 355384 137
3221 355582 100
3222 355723 93
3223 355743 163
3224 355767 185
3225 355856 99
3226 355976 145
3227 355980 58
3228 356151 163
3229 356474 105
3230 356482 147
3231 356556 150
3232 356609 88
3233 356646 161
3234 356680 49
3235 356734 175
3236 356796 16
3237 356906 139
3238 356979 123
3239 356996 128
3240 357030 147
3241 357307 15
3242 357327 152
3243 357334 88
3244 357433 184
3245 357497 59
3246 357536 74
3247 357573 93
3248 357595 94
3249 357661 17
3250 357716 49
3251 357830 32
3252 357838 17
3253 358288 124
3254 358298 174
3255 358330 151
3256 358531 182
3257 358568 114
3258 358584 141
3259 358946 151
3260 358995 97
3261 359051 55
3262 359097 120
3263 359144 35
3264 359178 103
3265 359674 60
3266 359789 195
3267 359862 119
3268 360137 164
3269 360174 54
3270 360276 198
3271 360325 8
3272 360463 121
3273 360529 63
3274 360529 73
3275 360625 137
3276 360815 126
3277 360817 43
3278 360941 41
3279 361072 163
3280 361093 80
3281 361196 198
3282 361239 168
3283 361327 189
3284 361420 62
3285 361451 19
3286 361504 46
3287 361611 141
3288 361644 98
3289 361984 130
3290 362058 121
3291 362165 91
3292 362247 9
3293 362319 147
3294 362321 161
3295 362339 96
3296 362562 34
3297 362565 18
3298 362780 113
3299 362842 83
3300 362901 48
3301 363003 137
3302 363041 78
3303 363297 162
3304 363337 32
3305 363522 145
3306 363577 109
3307 363590 102
3308 363600 119
3309 363615 71
3310 363783 61
3311 363824 71
3312 363829 11
3313 364034 47
3314 364313 46
3315 364357 200
3316 364728 182
3317 364745 89
3318 364765 117
3319 364949 186
3320 365206 93
3321 365242 4
3322 365249 68
3323 365277 22
3324 365277 56
3325 365310 16
3326 365424 58
3327 365487 162
3328 365765 79
3329 365865 142
3330 365956 40
3331 365978 169
3332 366205 181
3333 366376 136
3334 366427 59
3335 366508 196
3336 366537 2
3337 366631 55
3338 366656 55
3339 366722 158
3340 366742 168
3341 367228 178
3342 367267 163
3343 367344 196
3344 367479 2
3345 367486 117
3346 367489 182
3347 367667 166
3348 367760 93
3349 368097 58
3350 368121 173
3351 368148 5
3352 368184 4
3353 368328 146
3354 368429 88
3355 368557 72
3356 368817 28
3357 368912 184
3358 368923 44
3359 368983 183
3360 369006 68
3361 369015 39
3362 369160 135
3363 369175 162
3364 369246 9
3365 369277 82
3366 369368 175
3367 369380 107
3368 369413 97
3369 369457 140
3370 369459 59
3371 369570 191
3372 369701 116
3373 369717 27
3374 369756 104
3375 369859 5
3376 369864 11
3377 370004 171
3378 370098 198
3379 370107 28
3380 370420 54
3381 370566 139
3382 370743 146
3383 370791 110
3384 370916 200
3385 371211 130
3386 371345 164
3387 371456 95
3388 371625 197
3389 371650 190
3390 371694 34
3391 371790 175
3392 371867 188
3393 371886 45
3394 371905 181
3395 371921 95
3396 372017 180
3397 372120 15
3398 372260 29
3399 372325 24
3400 372439 125
3401 372451 190
3402 372779 177
3403 372936 118
3404 373016 158
3405 373207 177
3406 373373 53
3407 373402 91
3408 373539 1
3409 373590 178
3410 373707 7
3411 374112 167
3412 374166 57
3413 374273 168
3414 374359 57
3415 374438 169
3416 374504 95
3417 374591 20
3418 374641 195
3419 374657 148
3420 374692 196
3421 374840 198
3422 374891 179
3423 374936 193
3424 374989 24
3425 375351 64
3426 375379 193
3427 375414 120
3428 375495 11
3429 375637 190
3430 376049 29
3431 376082 199
3432 376299 116
3433 376499 98
3434 376513 106
3435 376526 165
3436 376842 73
3437 376907 6
3438 377106 51
3439 377163 86
3440 377239 119
3441 377271 7
3442 377311 178
3443 377357 64
3444 377420 117
3445 377671 158
3446 377711 162
3447 377917 21
3448 378311 125
3449 378367 91
3450 378486 115
3451 378560 188
3452 378611 18
3453 378896 93
3454 379041 142
3455 379103 197
3456 379237 126
3457 379601 74
3458 379628 33
3459 379831 195
3460 379883 141
3461 379891 95
3462 380145 60
3463 380360 132
3464 380462 184
3465 380840 71
3466 381006 29
3467 381234 188
3468 381290 2
3469 381340 169
3470 381355 58
3471 381405 154
3472 381478 120
3473 381687 191
3474 381799 116
3475 381850 53
3476 381912 41
3477 382046 62
3478 382096 13
3479 382121 189
3480 382313 119
3481 382343 46
3482 382454 20
3483 382611 97
3484 382884 66
3485 382904 67
3486 383190 30
3487 383430 10
3488 383662 198
3489 383676 52
3490 383738 89
3491 383823 73
3492 384133 3
3493 384158 133
3494 384340 31
3495 384376 164
3496 384474 83
3497 384504 47
3498 384616 146
3499 384650 74
3500 384665 8
3501 384768 86
3502 385235 111
3503 385304 137
3504 385333 47
3505 385386 125
3506 385395 44
3507 385479 167
3508 385499 35
3509 385543 14
3510 385561 172
3511 385664 165
3512 385680 89
3513 386102 108
3514 386313 106
3515 386358 45
3516 386486 73
3517 386490 101
3518 386554 177
3519 386639 196
3520 386649 128
3521 386696 61
3522 386901 21
3523 386925 74
3524 387033 126
3525 387537 23
3526 387554 167
3527 387637 56
3528 387703 101
3529 387711 193
3530 387867 48
3531 387904 70
3532 387952 71
3533 387966 8
3534 388162 110
3535 388235 21
3536 388330 26
3537 388342 65
3538 388483 60
3539 388547 156
3540 388750 176
3541 388766 34
3542 388769 68
3543 388805 100
3544 388826 156
3545 388998 126
3546 389156 34
3547 389209 27
3548 389266 69
3549 389553 103
3550 389572 140
3551 389592 120
3552 389623 108
3553 389643 115
3554 389738 73
3555 389781 103
3556 389786 152
3557 389845 93
3558 389860 129
3559 389951 92
3560 389957 36
3561 389988 39
3562 390051 116
3563 390358 173
3564 390374 51
3565 390383 67
3566 390418 101
3567 390423 59
3568 390504 73
3569 390581 126
3570 390778 148
3571 390860 144
3572 390898 117
3573 391243 22
3574 391356 179
3575 391504 33
3576 391733 82
3577 391812 35
3578 391920 39
3579 391938 85
3580 391979 185
3581 391986 183
3582 392060 40
3583 392074 45
3584 392118 118
3585 392131 8
3586 392199 199
3587 392204 68
3588 392301 90
3589 392323 15
3590 392404 154
3591 392693 35
3592 392962 21
3593 393098 87
3594 393343 28
3595 393382 52
3596 393394 26
3597 393574 49
3598 393647 27
3599 393753 177
3600 393843 64
3601 394346 65
3602 394399 39
3603 394564 80
3604 394568 172
3605 394593 197
3606 394830 45
3607 395199 15
3608 395292 51
3609 395337 76
3610 395423 177
3611 395546 194
3612 395547 113
3613 395579 19
3614 395637 87
3615 395679 187
3616 395784 84
3617 396350 115
3618 396397 134
3619 396782 50
3620 396927 144
3621 397274 86
3622 397314 28
3623 397373 52
3624 397473 105
3625 397519 12
3626 397574 159
3627 397751 187
3628 397826 151
3629 398097 162
3630 398400 104
3631 398634 91
3632 398722 102
3633 398809 109
3634 398923 55
3635 398961 195
3636 399091 108
3637 399833 185
3638 399854 84
3639 400084 117
3640 400104 19
3641 400381 173
3642 400410 85
3643 400841 48
3644 401007 115
3645 401120 24
3646 401135 12
3647 401169 157
3648 401225 22
3649 401322 3
3650 401367 127
3651 401428 177
3652 401443 29
3653 401446 72
3654 401650 101
3655 401659 3
3656 401674 21
3657 401769 48
3658 401909 85
3659 401920 92
3660 401987 7
3661 402014 122
3662 402048 132
3663 402083 34
3664 402123 47
3665 402263 133
3666 402413 184
3667 402538 110
3668 402633 22
3669 402655 75
3670 402761 73
3671 402824 144
3672 402858 4
3673 402871 198
3674 402967 189
3675 403041 192
3676 403401 107
3677 403510 116
3678 403534 142
3679 403794 94
3680 403956 136
3681 403975 16
3682 404141 87
3683 404195 83
3684 404283 10
3685 404453 85
3686 404655 187
3687 404941 127
3688 404972 123
3689 404983 78
3690 405016 116
3691 405242 58
3692 405281 133
3693 405347 163
3694 405405 74
3695 405406 118
3696 405903 186
3697 406034 80
3698 406035 162
3699 406050 83
3700 406170 72
3701 406320 5
3702 406337 146
3703 406442 199
3704 406579 6
3705 406607 179
3706 406647 49
3707 406670 46
3708 406771 160
3709 406784 160
3710 406785 167
3711 406808 146
3712 406848 10
3713 407009 175
3714 407439 139
3715 407685 94
3716 407872 175
3717 407890 171
3718 407931 180
3719 407979 92
3720 408051 150
3721 408051 9
3722 408176 9
3723 408231 131
3724 408436 165
3725 408474 153
3726 408586 167
3727 408799 83
3728 408851 75
3729 408885 51
3730 408967 18
3731 408967 79
3732 409146 146
3733 409186 17
3734 409470 122
3735 409486 14
3736 409517 130
3737 409540 21
3738 409585 180
3739 409611 58
3740 409622 193
3741 409626 28
3742 410280 60
3743 410407 38
3744 410488 71
3745 410634 3
3746 410648 185
3747 410703 33
3748 410955 81
3749 410959 7
3750 411009 108
3751 411037 177
3752 411080 147
3753 411168 175
3754 411169 52
3755 411377 174
3756 411412 194
3757 411622 106
3758 411791 15
3759 411906 43
3760 411980 183
3761 412028 77
3762 412043 125
3763 412128 1
3764 412194 61
3765 412403 112
3766 412562 131
3767 412627 157
3768 412704 189
3769 412861 155
3770 413020 115
3771 413130 139
3772 413206 81
3773 413247 17
3774 413249 186
3775 413348 83
3776 413394 104
3777 413409 39
3778 413542 172
3779 413618 90
3780 413650 198
3781 414112 105
3782 414174 192
3783 414187 5
3784 414249 192
3785 414317 75
3786 414390 190
3787 414419 117
3788 414515 56
3789 414550 116
3790 414628 145
3791 414642 114
3792 414830 62
3793 414874 132
3794 415168 143
3795 415294 169
3796 415317 173
3797 415342 19
3798 415353 134
3799 415444 48
3800 415468 37
3801 415611 134
3802 415625 135
3803 415747 96
3804 415826 87
3805 415867 88
3806 416052 114
3807 416290 135
3808 416421 56
3809 416439 159
3810 416445 39
3811 416631 41
3812 416709 152
3813 416933 79
3814 416979 186
3815 416995 161
3816 417063 1
3817 417091 49
3818 417289 48
3819 417327 181
3820 417532 59
3821 417584 21
3822 417589 20
3823 417627 98
3824 417699 124
3825 417750 25
3826 417788 88
3827 417957 77
3828 417983 77
3829 418041 124
3830 418051 185
3831 418062 36
3832 418122 82
3833 418138 176
3834 418166 132
3835 418269 118
3836 418273 24
3837 418419 66
3838 418451 196
3839 418651 70
3840 418723 123
3841 418758 33
3842 418815 64
3843 418910 49
3844 419049 168
3845 419070 153
3846 419157 159
3847 419207 41
3848 419310 176
3849 419339 120
3850 419653 123
3851 419924 49
3852 420119 127
3853 420128 45
3854 420253 28
3855 420441 194
3856 420456 112
3857 420770 112
3858 420789 39
3859 420807 114
3860 420887 35
3861 421015 13
3862 421119 111
3863 421123 185
3864 421213 172
3865 421219 145
3866 421232 94
3867 421306 144
3868 421414 10
3869 421417 46
3870 421490 54
3871 421560 91
3872 421882 17
3873 421900 92
3874 422211 66
3875 422664 164
3876 422777 175
3877 422859 46
3878 423001 181
3879 423072 123
3880 423272 86
3881 423444 198
3882 423523 163
3883 423774 55
3884 423984 33
3885 424049 112
3886 424214 139
3887 424561 155
3888 424607 109
3889 424802 113
3890 424862 2
3891 425011 26
3892 425084 3
3893 425126 165
3894 425325 101
3895 425401 87
3896 425445 105
3897 425553 69
3898 425647 81
3899 426156 190
3900 426222 174
3901 426382 55
3902 426432 56
3903 426777 170
3904 426975 6
3905 427512 89
3906 427613 109
3907 427655 40
3908 427655 185
3909 427694 46
3910 427756 91
3911 427836 175
3912 427846 72
3913 427950 14
3914 428073 69
3915 428084 169
3916 428089 56
3917 428138 58
3918 428235 184
3919 428249 178
3920 428261 13
3921 428385 101
3922 428593 181
3923 428767 184
3924 428877 95
3925 429009 106
3926 429259 17
3927 429455 132
3928 429505 26
3929 429623 192
3930 429628 51
3931 429649 39
3932 429754 183
3933 429831 73
3934 430043 75
3935 430151 108
3936 430298 69
3937 430419 159
3938 430458 51
3939 430522 117
3940 430612 28
3941 430612 82
3942 430661 53
3943 430726 132
3944 430762 13
3945 430927 75
3946 431144 82
3947 431204 73
3948 431277 9
3949 431403 135
3950 431492 148
3951 431531 73
3952 431635 153
3953 431871 16
3954 431933 78
3955 432145 99
3956 432215 58
3957 432280 148
3958 432410 96
3959 432502 92
3960 432502 105
3961 432542 123
3962 432581 31
3963 432627 155
3964 432744 44
3965 432759 178
3966 432803 34
3967 432880 6
3968 432936 34
3969 433157 92
3970 433296 9
3971 433490 167
3972 433585 26
3973 433588 31
3974 433609 97
3975 433640 133
3976 433962 192
3977 433966 91
3978 434003 153
3979 434006 165
3980 434064 37
3981 434082 187
3982 434180 145
3983 434310 7
3984 434316 69
3985 434512 40
3986 434548 144
3987 434915 46
3988 435227 71
3989 435243 193
3990 435341 102
3991 435379 72
3992 435707 131
3993 435875 19
3994 436017 159
3995 436038 32
3996 436459 29
3997 436696 17
3998 437411 114
3999 437503 54
4000 437519 177
4001 437711 163
4002 437718 50
4003 437755 192
4004 437923 189
4005 437937 143
4006 438127 109
4007 438395 135
4008 438551 128
4009 438551 74
4010 438630 39
4011 438738 184
4012 438819 75
4013 438826 192
4014 438836 127
4015 438929 74
4016 438932 90
4017 439048 126
4018 439071 197
4019 439082 164
4020 439133 100
4021 439180 178
4022 439292 24
4023 439671 199
4024 440022 16
4025 440261 140
4026 440280 129
4027 440645 74
4028 440647 27
4029 440672 94
4030 440790 62
4031 440836 7
4032 440857 4
4033 441025 195
4034 441335 48
4035 441380 40
4036 441391 167
4037 441469 107
4038 441805 81
4039 441821 92
4040 441887 80
4041 441940 54
4042 442025 58
4043 442064 162
4044 442115 96
4045 442237 188
4046 442273 175
4047 442414 12
4048 442415 77
4049 442606 81
4050 442660 67
4051 442694 174
4052 442907 88
4053 442935 175
4054 442967 88
4055 443107 168
4056 443162 153
4057 443205 175
4058 443271 52
4059 443346 93
4060 443361 96
4061 443580 7
4062 443602 25
4063 443828 199
4064 443839 176
4065 443856 128
4066 444073 102
4067 444473 28
4068 444496 85
4069 444578 61
4070 444672 124
4071 444690 140
4072 444738 152
4073 445001 86
4074 445014 106
4075 445125 53
4076 445219 162
4077 445338 70
4078 445348 30
4079 445687 191
4080 445715 50
4081 445837 151
4082 445916 172
4083 446098 92
4084 446305 84
4085 446323 180
4086 446419 83
4087 446474 83
4088 446651 89
4089 446801 189
4090 446937 3
4091 446956 147
4092 447196 52
4093 447201 102
4094 447250 36
4095 447269 190
4096 447280 163
4097 447406 188
4098 447477 70
4099 447520 93
4100 447713 134
4101 447866 111
4102 448042 95
4103 448089 1
4104 448156 18
4105 448235 129
4106 448307 134
4107 448373 135
4108 448450 42
4109 448497 170
4110 448573 33
4111 448639 66
4112 448686 2
4113 448713 32
4114 448822 35
4115 448841 175
4116 448844 148
4117 449069 135
4118 449076 183
4119 449137 177
4120 449179 28
4121 449306 19
4122 449412 131
4123 449432 1
4124 449544 93
4125 450059 153
4126 450062 32
4127 450209 23
4128 450305 22
4129 450331 56
4130 450408 82
4131 450531 127
4132 450567 68
4133 450616 175
4134 450776 100
4135 450996 1
4136 451141 8
4137 451378 143
4138 451507 75
4139 451578 63
4140 451671 65
4141 451740 44
4142 452014 185
4143 452479 81
4144 452499 24
4145 452638 166
4146 452730 119
4147 452756 86
4148 453063 57
4149 453087 187
4150 453137 115
4151 453309 138
4152 453414 157
4153 453480 13
4154 453624 22
4155 453736 150
4156 453792 41
4157 454052 86
4158 454094 12
4159 454284 183
4160 454294 54
4161 454313 92
4162 454613 143
4163 454691 109
4164 455020 140
4165 455115 58
4166 455277 185
4167 455335 129
4168 455340 74
4169 455470 124
4170 455647 167
4171 455656 37
4172 455720 18
4173 455802 32
4174 456037 40
4175 456069 168
4176 456313 65
4177 456422 17
4178 456595 91
4179 456727 158
4180 456935 76
4181 456941 36
4182 457057 162
4183 457058 153
4184 457103 56
4185 457175 186
4186 457179 52
4187 457225 181
4188 457315 144
4189 457346 154
4190 457373 129
4191 457431 180
4192 457706 35
4193 458012 151
4194 458034 24
4195 458100 107
4196 458377 27
4197 458495 111
4198 458985 58
4199 459020 126
4200 459071 42
4201 459140 39
4202 459184 134
4203 459429 66
4204 459556 134
4205 459600 164
4206 459712 44
4207 459714 6
4208 459886 90
4209 459920 3
4210 460019 168
4211 460020 116
4212 460050 3
4213 460060 85
4214 460105 192
4215 460195 76
4216 460210 73
4217 460224 29
4218 460429 36
4219 460477 187
4220 460495 18
4221 460558 30
4222 460620 196
4223 460667 43
4224 460726 95
4225 460750 53
4226 460797 58
4227 460879 159
4228 461119 145
4229 461307 23
4230 461784 4
4231 462092 72
4232 462149 116
4233 462244 34
4234 462253 147
4235 462422 120
4236 462529 73
4237 462532 80
4238 462658 88
4239 462694 56
4240 462694 120
4241 462707 147
4242 462840 76
4243 463148 189
4244 463180 99
4245 463367 60
4246 463383 61
4247 463432 131
4248 463620 32
4249 463796 128
4250 464030 136
4251 464045 197
4252 464227 100
4253 464318 28
4254 464403 198
4255 464501 121
4256 464545 191
4257 464789 198
4258 464835 124
4259 464943 191
4260 465041 148
4261 465247 29
4262 465271 133
4263 465306 89
4264 465324 26
4265 465603 197
4266 465720 166
4267 465806 121
4268 465832 21
4269 466182 53
4270 466518 182
4271 466556 39
4272 466588 144
4273 466630 143
4274 466632 21
4275 466656 194
4276 466710 86
4277 466755 80
4278 466787 84
4279 466892 134
4280 467019 135
4281 467085 22
4282 467183 123
4283 467365 166
4284 467376 41
4285 467466 65
4286 467508 94
4287 467554 98
4288 467559 138
4289 467579 9
4290 467683 76
4291 467807 181
4292 467866 127
4293 467966 180
4294 468074 180
4295 468084 70
4296 468237 195
4297 468354 167
4298 468440 184
4299 468457 164
4300 468486 53
4301 468619 150
4302 468711 82
4303 468725 87
4304 468860 191
4305 468985 80
4306 469107 48
4307 469150 179
4308 469200 121
4309 469361 183
4310 469377 23
4311 469418 166
4312 469475 95
4313 469503 38
4314 469566 167
4315 469666 6
4316 469676 133
4317 469704 69
4318 469750 106
4319 469784 185
4320 469899 2
4321 469949 113
4322 469988 125
4323 470046 175
4324 470151 1
4325 470274 48
4326 470278 113
4327 470391 144
4328 470741 49
4329 470797 142
4330 470829 38
4331 470836 138
4332 470875 6
4333 470875 185
4334 470989 65
4335 471120 158
4336 471147 185
4337 471253 18
4338 471411 113
4339 471435 57
4340 471460 53
4341 471475 88
4342 471692 22
4343 471825 28
4344 471940 116
4345 471966 189
4346 471978 20
4347 472009 123
4348 472104 36
4349 472110 87
4350 472191 28
4351 472272 117
4352 472465 65
4353 472499 73
4354 472519 30
4355 472914 91
4356 472959 137
4357 473069 103
4358 473306 161
4359 473308 132
4360 473372 3
4361 473436 28
4362 473517 150
4363 473890 198
4364 474205 161
4365 474248 37
4366 474417 127
4367 474442 152
4368 475013 192
4369 475038 120
4370 475344 56
4371 475431 7
4372 475467 140
4373 475538 102
4374 475617 190
4375 475751 175
4376 475899 57
4377 475978 165
4378 476178 56
4379 476228 143
4380 476305 45
4381 476336 156
4382 476423 37
4383 476684 66
4384 476972 34
4385 477108 200
4386 477145 147
4387 477162 82
4388 477225 66
4389 477375 185
4390 477389 168
4391 477658 199
4392 477758 16
4393 477773 181
4394 478034 77
4395 478061 40
4396 478084 7
4397 478218 196
4398 478496 54
4399 478533 22
4400 478675 150
4401 478812 128
4402 478844 131
4403 478943 181
4404 479015 144
4405 479130 155
4406 479302 179
4407 479372 86
4408 479905 21
4409 480098 17
4410 480109 93
4411 480150 122
4412 480228 155
4413 480232 93
4414 480342 82
4415 480378 46
4416 480422 39
4417 480474 126
4418 480682 182
4419 480719 20
4420 480760 174
4421 481064 139
4422 481141 32
4423 481216 50
4424 481217 42
4425 481272 52
4426 481322 26
4427 481380 33
4428 481523 43
4429 481564 139
4430 481733 143
4431 481873 107
4432 481970 109
4433 482107 5
4434 482115 42
4435 482275 119
4436 482590 150
4437 482664 71
4438 482677 81
4439 482998 136
4440 483038 89
4441 483067 8
4442 483072 161
4443 483162 45
4444 483173 68
4445 483190 78
4446 483259 119
4447 483259 46
4448 483631 168
4449 483705 21
4450 483847 26
4451 483907 175
4452 484268 197
4453 484281 60
4454 484536 68
4455 484560 55
4456 484617 182
4457 484860 22
4458 484870 5
4459 484900 48
4460 484943 153
4461 484951 186
4462 484982 13
4463 485186 2
4464 485367 33
4465 485399 140
4466 485497 161
4467 485521 184
4468 485620 63
4469 485729 90
4470 485781 38
4471 485916 87
4472 485950 157
4473 485980 65
4474 485985 78
4475 486072 136
4476 486295 189
4477 486314 5
4478 486451 56
4479 486495 133
4480 486541 28
4481 486546 145
4482 486580 91
4483 486653 49
4484 486745 75
4485 486794 83
4486 487125 185
4487 487272 34
4488 487393 181
4489 487489 53
4490 487558 162
4491 487568 192
4492 487725 13
4493 487791 103
4494 487825 2
4495 488363 155
4496 488415 12
4497 488501 121
4498 488539 82
4499 488618 54
4500 488636 10
4501 488823 19
4502 489132 161
4503 489175 86
4504 489259 150
4505 489302 55
4506 489307 29
4507 489352 13
4508 489476 42
4509 489511 108
4510 489606 54
4511 489695 176
4512 489736 16
4513 489839 166
4514 489855 120
4515 489926 53
4516 490470 12
4517 490525 74
4518 490734 124
4519 490819 17
4520 490929 200
4521 490983 88
4522 491019 116
4523 491091 21
4524 491171 118
4525 491431 57
4526 491434 46
4527 491440 188
4528 491532 32
4529 491887 159
4530 492058 77
4531 492721 32
4532 492867 34
4533 493004 11
4534 493017 120
4535 493413 134
4536 493427 49
4537 493488 51
4538 493498 24
4539 493547 26
4540 493670 56
4541 493806 16
4542 493951 65
4543 493957 114
4544 494020 61
4545 494020 151
4546 494086 187
4547 494087 176
4548 494142 190
4549 494306 129
4550 494738 165
4551 494771 132
4552 494784 186
4553 494861 81
4554 494962 5
4555 495147 5
4556 495163 139
4557 495607 113
4558 495645 128
4559 495666 3
4560 495672 2
4561 496046 124
4562 496069 86
4563 496201 7
4564 496334 36
4565 496345 88
4566 496372 100
4567 496540 117
4568 496546 153
4569 496630 197
4570 496648 55
4571 496948 121
4572 497180 174
4573 497200 100
4574 497541 162
4575 497812 40
4576 497895 7
4577 497975 150
4578 498190 13
4579 498230 24
4580 498359 195
4581 498389 200
4582 498554 34
4583 498585 131
4584 498626 64
4585 498700 94
4586 498716 33
4587 498878 15
4588 498924 198
4589 498947 10
4590 498984 168
4591 499024 74
4592 499560 11
4593 499646 171
4594 499650 84
4595 499708 22
4596 499741 8
4597 499855 76
4598 499982 40
4599 500212 178
4600 500338 38
4601 500409 125
4602 500585 37
4603 500786 179
4604 500809 5
4605 500873 98
4606 500890 36
4607 500930 98
4608 501026 98
4609 501521 172
4610 501655 165
4611 501704 163
4612 501710 70
4613 501711 165
4614 501971 196
4615 502123 116
4616 502155 166
4617 502213 6
4618 502284 83
4619 502308 188
4620 502344 171
4621 502363 59
4622 502419 160
4623 502511 155
4624 502553 176
4625 502656 94
4626 503004 23
4627 503517 16
4628 503953 197
4629 504112 152
4630 504352 75
4631 504423 129
4632 504573 12
4633 504597 193
4634 504613 118
4635 504865 133
4636 504870 169
4637 505078 198
4638 505159 98
4639 505221 137
4640 505613 134
4641 505832 165
4642 505833 37
4643 506158 199
4644 506371 112
4645 506609 177
4646 506637 74
4647 506879 177
4648 506910 192
4649 506934 82
4650 507008 54
4651 507187 149
4652 507206 156
4653 507740 150
4654 507748 3
4655 507830 30
4656 507900 19
4657 508293 44
4658 508324 126
4659 508398 191
4660 508508 48
4661 508715 127
4662 508862 25
4663 509065 157
4664 509258 128
4665 509309 76
4666 509326 156
4667 509544 3
4668 509738 123
4669 510316 117
4670 510352 141
4671 510665 12
4672 510937 92
4673 510968 117
4674 511165 1
4675 511199 109
4676 511212 26
4677 511256 121
4678 511468 194
4679 511667 17
4680 511694 171
4681 511694 102
4682 511747 69
4683 511871 190
4684 512012 7
4685 512025 171
4686 512049 155
4687 512206 9
4688 512590 141
4689 512625 166
4690 512774 31
4691 512809 140
4692 512928 13
4693 513062 58
4694 513230 193
4695 513254 79
4696 513407 71
4697 513458 41
4698 513466 35
4699 513513 33
4700 513655 87
4701 513834 139
4702 513914 136
4703 513917 39
4704 514010 23
4705 514047 168
4706 514262 183
4707 514282 61
4708 514302 71
4709 514306 153
4710 514366 97
4711 514725 130
4712 514791 162
4713 514831 57
4714 514885 200
4715 514928 188
4716 514941 195
4717 514945 79
4718 515076 176
4719 515090 158
4720 515143 26
4721 515239 2
4722 515675 184
4723 515836 106
4724 515946 133
4725 515958 173
4726 515964 192
4727 515992 147
4728 516049 72
4729 516053 148
4730 516076 195
4731 516348 60
4732 516424 12
4733 516744 70
4734 516747 160
4735 516816 136
4736 516889 104
4737 517008 144
4738 517188 152
4739 517294 45
4740 517324 59
4741 517398 16
4742 517576 119
4743 517759 155
4744 517791 116
4745 517792 164
4746 517819 189
4747 517972 50
4748 518208 114
4749 518486 91
4750 518646 98
4751 518690 9
4752 518753 115
4753 518893 39
4754 518954 152
4755 519081 53
4756 519089 53
4757 519476 12
4758 519726 181
4759 519736 65
4760 519846 171
4761 519945 109
4762 519948 3
4763 520041 63
4764 520046 181
4765 520238 140
4766 520473 34
4767 520480 30
4768 520497 51
4769 520589 118
4770 520604 103
4771 520635 116
4772 520697 142
4773 520706 78
4774 521435 196
4775 521507 122
4776 521541 121
4777 521613 77
4778 521673 44
4779 521699 191
4780 521787 147
4781 521823 53
4782 521847 182
4783 522002 81
4784 522018 102
4785 522303 139
4786 522398 72
4787 522468 111
4788 522522 133
4789 522568 88
4790 522710 129
4791 522712 94
4792 522965 143
4793 523004 124
4794 523094 13
4795 523265 162
4796 523354 149
4797 523440 140
4798 523499 48
4799 523511 114
4800 523619 121
4801 523812 105
4802 523836 58
4803 523862 6
4804 524075 2
4805 524499 69
4806 524552 53
4807 524647 82
4808 524723 37
4809 524825 86
4810 524880 72
4811 524900 160
4812 524969 61
4813 525103 149
4814 525105 22
4815 525169 9
4816 525370 18
4817 525579 87
4818 525672 79
4819 525781 16
4820 525889 136
4821 525890 113
4822 525993 151
4823 526031 39
4824 526101 200
4825 526121 139
4826 526159 171
4827 526346 42
4828 526352 53
4829 526466 43
4830 526510 108
4831 526652 121
4832 526701 116
4833 526727 200
4834 526840 98
4835 526889 26
4836 526956 4
4837 526992 76
4838 527371 133
4839 527392 44
4840 527462 38
4841 527502 106
4842 527630 136
4843 527713 191
4844 527828 192
4845 528023 15
4846 528057 36
4847 528076 25
4848 528091 93
4849 528184 98
4850 528211 143
4851 528216 126
4852 528257 13
4853 528409 3
4854 528667 115
4855 528807 180
4856 528842 132
4857 528859 112
4858 528877 135
4859 529015 55
4860 529230 39
4861 529399 178
4862 529411 107
4863 529571 129
4864 529613 129
4865 529614 92
4866 529649 53
4867 529677 121
4868 529732 170
4869 529956 162
4870 530218 121
4871 530342 92
4872 530447 178
4873 530464 119
4874 530541 9
4875 530633 142
4876 530691 98
4877 530766 25
4878 530805 72
4879 530960 107
4880 531061 131
4881 531081 24
4882 531281 119
4883 531349 199
4884 531402 171
4885 531485 27
4886 531770 53
4887 531840 95
4888 531844 74
4889 531885 45
4890 531959 90
4891 532218 33
4892 532248 57
4893 532308 94
4894 532428 113
4895 532448 81
4896 532784 102
4897 532801 177
4898 532951 151
4899 532953 11
4900 533268 87
4901 533328 165
4902 533489 155
4903 533547 120
4904 533627 176
4905 533673 166
4906 533775 55
4907 534043 155
4908 534159 158
4909 534213 191
4910 534292 152
4911 534388 65
4912 534642 126
4913 534675 24
4914 534720 120
4915 534885 102
4916 535089 22
4917 535106 97
4918 535116 28
4919 535175 108
4920 535211 85
4921 535318 171
4922 535319 22
4923 535464 1
4924 535690 29
4925 536185 1
4926 536310 14
4927 536521 184
4928 536560 9
4929 536588 120
4930 536643 144
4931 536916 87
4932 536941 190
4933 537154 93
4934 537261 103
4935 537530 172
4936 537534 25
4937 537706 29
4938 537714 123
4939 537858 177
4940 537972 173
4941 538016 82
4942 538054 145
4943 538314 29
4944 538353 175
4945 538381 82
4946 538397 72
4947 538705 82
4948 538731 102
4949 538844 78
4950 538852 127
4951 539000 95
4952 539010 46
4953 539030 101
4954 539036 153
4955 539049 70
4956 539155 158
4957 539158 14
4958 539268 167
4959 539346 56
4960 539353 94
4961 539462 10
4962 539703 8
4963 539791 178
4964 539841 18
4965 540148 17
4966 540302 7
4967 540390 46
4968 540416 35
4969 540418 124
4970 540526 128
4971 540935 167
4972 541031 48
4973 541050 139
4974 541361 126
4975 541379 59
4976 541437 34
4977 541464 89
4978 541511 160
4979 541567 54
4980 541964 73
4981 541982 72
4982 541984 133
4983 542078 35
4984 542140 167
4985 542217 9
4986 542361 104
4987 542401 131
4988 542474 107
4989 542557 117
4990 542574 15
4991 542637 155
4992 542705 44
4993 542921 193
4994 542984 61
4995 543067 83
4996 543169 19
4997 543185 163
4998 543240 174
4999 543460 22
5000 543500 108
